 3930.0000   6.5560742e-09
 3930.0000   2.3753892e-11
 3940.0000  -2.2934875e-09
 3940.0000  -1.0980940e-08
 3940.0000  -2.8726510e-09
 3940.0000  -1.7143240e-09
 3950.0000   5.6719326e-09
 3950.0000   9.0615337e-09
 3950.0000  -5.6267379e-09
 3950.0000   2.2823314e-09
 3950.0000  -5.4233618e-10
 3960.0000  -4.9382232e-09
 3960.0000   5.7318663e-10
 3960.0000   5.5334555e-09
 3960.0000   5.7318663e-10
 3970.0000   1.6348213e-09
 3970.0000   6.4747529e-09
 3970.0000  -7.5072716e-09
 3970.0000   1.0970512e-09
 3980.0000  -4.7022619e-09
 3980.0000  -1.5534258e-09
 3980.0000  -1.5534258e-09
 3980.0000  -5.7518739e-09
 3980.0000   1.2616337e-08
 3990.0000   1.2314107e-08
 3990.0000   8.2162341e-09
 3990.0000   2.7168894e-08
 3990.0000   1.0777404e-08
 4000.0000   1.2020971e-08
 4000.0000   1.9521577e-08
 4000.0000   1.3521092e-08
 4000.0000   2.5522061e-08
 4010.0000   2.1500844e-08
 4010.0000   1.8083362e-08
 4010.0000   1.9059785e-08
 4010.0000   1.6618727e-08
 4020.0000   1.4797861e-08
 4020.0000   1.7658273e-08
 4020.0000   9.0770387e-09
 4020.0000   1.0507244e-08
 4020.0000   1.0983980e-08
 4030.0000   1.0261794e-08
 4030.0000   1.9573767e-08
 4030.0000   1.6314577e-08
 4030.0000   9.7961955e-09
 4040.0000   1.8664589e-08
 4040.0000   1.5026267e-08
 4040.0000   1.5481057e-08
 4040.0000   1.6845428e-08
 4050.0000   1.8234009e-08
 4050.0000   1.6901114e-08
 4050.0000   2.1344098e-08
 4050.0000   9.7923382e-09
 4050.0000   2.1344098e-08
 4060.0000   2.3025335e-08
 4060.0000   1.9118321e-08
 4060.0000   1.9552434e-08
 4060.0000   1.3908969e-08
 4070.0000   1.4016303e-08
 4070.0000   1.8682747e-08
 4070.0000   1.6561636e-08
 4070.0000   1.9106970e-08
 4080.0000   1.7015889e-08
 4080.0000   2.5308233e-08
 4080.0000   1.8259741e-08
 4080.0000   1.2455100e-08
 4090.0000   1.2174846e-08
 4090.0000   2.3117617e-08
 4090.0000   1.7848876e-08
 4090.0000   1.9875315e-08
 4090.0000   3.1223374e-08
 4100.0000   8.3365706e-09
 4100.0000   1.6261067e-08
 4100.0000   2.4185564e-08
 4100.0000   2.2204440e-08
 4110.0000   2.4422913e-08
 4110.0000   2.2098397e-08
 4110.0000   1.8611623e-08
 4110.0000   2.3648074e-08
 4120.0000   1.5927384e-08
 4120.0000   2.3125773e-08
 4120.0000   1.5169659e-08
 4120.0000   2.3504636e-08
 4120.0000   2.0852598e-08
 4130.0000   2.5211982e-08
 4130.0000   1.5948320e-08
 4130.0000   2.0024332e-08
 4130.0000   2.3359250e-08
 4140.0000   2.0312424e-08
 4140.0000   2.3937054e-08
 4140.0000   1.3788091e-08
 4140.0000   2.1037350e-08
 4150.0000   2.1645052e-08
 4150.0000   1.4552964e-08
 4150.0000   2.4481887e-08
 4150.0000   2.2708865e-08
 4150.0000   1.8808217e-08
 4160.0000   2.4648278e-08
 4160.0000   2.3954352e-08
 4160.0000   1.8055974e-08
 4160.0000   2.4648278e-08
 4170.0000   2.0725085e-08
 4170.0000   1.7669289e-08
 4170.0000   2.4120413e-08
 4170.0000   1.7329756e-08
 4180.0000   2.6265461e-08
 4180.0000   2.4936238e-08
 4180.0000   1.8622425e-08
 4180.0000   2.5268543e-08
 4180.0000   2.9256215e-08
 4190.0000   2.9938411e-08
 4190.0000   2.5059269e-08
 4190.0000   2.2457061e-08
 4190.0000   2.0180128e-08
 4200.0000   2.9627373e-08
 4200.0000   2.3895508e-08
 4200.0000   2.1666449e-08
 4200.0000   2.7079877e-08
 4210.0000   1.9966544e-08
 4210.0000   2.7449322e-08
 4210.0000   2.4643280e-08
 4210.0000   2.6513974e-08
 4220.0000   2.9626948e-08
 4220.0000   2.2910204e-08
 4220.0000   2.4436737e-08
 4220.0000   2.1078365e-08
 4220.0000   2.9626948e-08
 4230.0000   2.8118314e-08
 4230.0000   2.5427280e-08
 4230.0000   2.6922299e-08
 4230.0000   2.9015326e-08
 4240.0000   2.4026936e-08
 4240.0000   2.9884307e-08
 4240.0000   3.1348650e-08
 4240.0000   2.3441199e-08
 4250.0000   2.8987936e-08
 4250.0000   2.7266562e-08
 4250.0000   2.7840353e-08
 4250.0000   2.6118979e-08
 4250.0000   3.1283101e-08
 4260.0000   2.2497640e-08
 4260.0000   2.5308440e-08
 4260.0000   2.6713839e-08
 4260.0000   2.8400319e-08
 4270.0000   2.8654343e-08
 4270.0000   3.0031426e-08
 4270.0000   2.4523094e-08
 4270.0000   3.3887259e-08
 4280.0000   2.8350385e-08
 4280.0000   3.1589195e-08
 4280.0000   3.0509592e-08
 4280.0000   2.6730980e-08
 4280.0000   3.3208600e-08
 4290.0000   2.9373204e-08
 4290.0000   3.2812070e-08
 4290.0000   3.0166788e-08
 4290.0000   2.5669810e-08
 4300.0000   2.6976955e-08
 4300.0000   2.9569896e-08
 4300.0000   3.1384954e-08
 4300.0000   3.0607072e-08
 4310.0000   3.0005108e-08
 4310.0000   2.5429608e-08
 4310.0000   3.1784469e-08
 4310.0000   2.9750913e-08
 4310.0000   3.3563829e-08
 4320.0000   3.1661551e-08
 4320.0000   3.7144502e-08
 4320.0000   2.9667750e-08
 4320.0000   2.9418525e-08
 4330.0000   2.9335623e-08
 4330.0000   3.3490118e-08
 4330.0000   3.0801915e-08
 4330.0000   3.7155849e-08
 4340.0000   3.4041535e-08
 4340.0000   2.6612025e-08
 4340.0000   2.9008641e-08
 4340.0000   2.9967288e-08
 4340.0000   2.8529318e-08
 4350.0000   2.9862025e-08
 4350.0000   3.2447685e-08
 4350.0000   3.1507445e-08
 4350.0000   3.4093106e-08
 4360.0000   3.1597825e-08
 4360.0000   3.1597825e-08
 4360.0000   3.2058972e-08
 4360.0000   3.6209300e-08
 4370.0000   3.0545956e-08
 4370.0000   3.1450754e-08
 4370.0000   3.0093558e-08
 4370.0000   3.3260348e-08
 4370.0000   3.5748541e-08
 4380.0000   3.5074364e-08
 4380.0000   3.6849831e-08
 4380.0000   3.7071765e-08
 4380.0000   3.2633096e-08
 4390.0000   3.6159019e-08
 4390.0000   3.2021333e-08
 4390.0000   3.5070155e-08
 4390.0000   3.6159019e-08
 4400.0000   3.0142318e-08
 4400.0000   3.0997177e-08
 4400.0000   3.7194903e-08
 4400.0000   3.1638321e-08
 4400.0000   3.3561753e-08
 4410.0000   3.5457099e-08
 4410.0000   3.3988809e-08
 4410.0000   3.5666854e-08
 4410.0000   3.2310764e-08
 4420.0000   3.2951121e-08
 4420.0000   3.8304340e-08
 4420.0000   3.2127549e-08
 4420.0000   3.6039516e-08
 4430.0000   3.4167035e-08
 4430.0000   3.6592522e-08
 4430.0000   3.7603142e-08
 4430.0000   3.6188274e-08
 4430.0000   3.7401018e-08
 4440.0000   3.7315742e-08
 4440.0000   3.4934392e-08
 4440.0000   3.3148380e-08
 4440.0000   3.4934392e-08
 4450.0000   3.5861265e-08
 4450.0000   4.0342949e-08
 4450.0000   3.8199535e-08
 4450.0000   3.2743572e-08
 4460.0000   3.6364459e-08
 4460.0000   3.9617437e-08
 4460.0000   3.7129866e-08
 4460.0000   3.5024998e-08
 4460.0000   3.6364459e-08
 4470.0000   4.0412613e-08
 4470.0000   4.1352266e-08
 4470.0000   4.2667781e-08
 4470.0000   3.9848821e-08
 4480.0000   4.0063559e-08
 4480.0000   4.1909466e-08
 4480.0000   4.3386191e-08
 4480.0000   3.8033062e-08
 4490.0000   3.9899699e-08
 4490.0000   3.9899699e-08
 4490.0000   4.3163626e-08
 4490.0000   4.2438309e-08
 4490.0000   4.0443687e-08
 4500.0000   4.2583625e-08
 4500.0000   4.0445893e-08
 4500.0000   4.4186924e-08
 4500.0000   4.2227336e-08
 4510.0000   4.0789849e-08
 4510.0000   3.9914680e-08
 4510.0000   4.3240320e-08
 4510.0000   4.6040859e-08
 4520.0000   4.0941742e-08
 4520.0000   4.1973714e-08
 4520.0000   4.2833690e-08
 4520.0000   4.4897632e-08
 4520.0000   4.9197513e-08
 4530.0000   4.1080313e-08
 4530.0000   4.4967934e-08
 4530.0000   4.6151122e-08
 4530.0000   4.2939610e-08
 4540.0000   4.4860927e-08
 4540.0000   4.3365784e-08
 4540.0000   4.3365784e-08
 4540.0000   4.6522197e-08
 4550.0000   4.3279272e-08
 4550.0000   4.3279272e-08
 4550.0000   4.6381845e-08
 4550.0000   4.6218552e-08
 4550.0000   4.5238792e-08
 4560.0000   4.8003189e-08
 4560.0000   4.8645286e-08
 4560.0000   4.9608432e-08
 4560.0000   4.8645286e-08
 4570.0000   4.8772091e-08
 4570.0000   4.8929909e-08
 4570.0000   5.2559725e-08
 4570.0000   4.6089184e-08
 4580.0000   4.8885668e-08
 4580.0000   4.7178766e-08
 4580.0000   4.8420149e-08
 4580.0000   5.0747743e-08
 4580.0000   4.7799458e-08
 4590.0000   5.4327135e-08
 4590.0000   5.0817630e-08
 4590.0000   4.8833997e-08
 4590.0000   4.7155538e-08
 4600.0000   5.1026156e-08
 4600.0000   5.2976927e-08
 4600.0000   4.9225445e-08
 4600.0000   5.1326275e-08
 4600.0000   5.2676809e-08
 4610.0000   5.0776061e-08
 4610.0000   4.8119483e-08
 4610.0000   4.9152597e-08
 4610.0000   5.3727815e-08
 4620.0000   5.2122137e-08
 4620.0000   5.7783799e-08
 4620.0000   5.6186920e-08
 4620.0000   5.5606237e-08
 4630.0000   5.6414604e-08
 4630.0000   5.4843724e-08
 4630.0000   5.7699870e-08
 4630.0000   5.4843724e-08
 4630.0000   5.0845119e-08
 4640.0000   5.5501426e-08
 4640.0000   5.9294810e-08
 4640.0000   5.9154314e-08
 4640.0000   5.7327870e-08
 4650.0000   5.6958200e-08
 4650.0000   5.4193507e-08
 4650.0000   5.8202311e-08
 4650.0000   5.8340546e-08
 4660.0000   5.5230684e-08
 4660.0000   5.7271026e-08
 4660.0000   5.7951140e-08
 4660.0000   5.9447390e-08
 4660.0000   5.6998980e-08
 4670.0000   6.0509538e-08
 4670.0000   5.9438668e-08
 4670.0000   5.9037091e-08
 4670.0000   5.8769374e-08
 4680.0000   6.4031653e-08
 4680.0000   6.0606373e-08
 4680.0000   6.0474632e-08
 4680.0000   6.1792047e-08
 4690.0000   6.1209285e-08
 4690.0000   6.2894991e-08
 4690.0000   6.4451028e-08
 4690.0000   6.2116973e-08
 4690.0000   6.3024661e-08
 4700.0000   6.3570897e-08
 4700.0000   6.4081465e-08
 4700.0000   6.9825362e-08
 4700.0000   6.7655446e-08
 4710.0000   6.3587844e-08
 4710.0000   6.7985865e-08
 4710.0000   6.7483234e-08
 4710.0000   7.2509543e-08
 4710.0000   6.9870731e-08
 4720.0000   6.8790692e-08
 4720.0000   7.0027846e-08
 4720.0000   7.2007291e-08
 4720.0000   7.1017569e-08
 4730.0000   7.0778777e-08
 4730.0000   7.0291521e-08
 4730.0000   6.9073382e-08
 4730.0000   7.4920451e-08
 4740.0000   7.2336126e-08
 4740.0000   7.4135412e-08
 4740.0000   7.8333748e-08
 4740.0000   7.6414509e-08
 4740.0000   7.8333748e-08
 4750.0000   7.7143522e-08
 4750.0000   7.8206691e-08
 4750.0000   7.9506119e-08
 4750.0000   8.1396197e-08
 4760.0000   7.8654001e-08
 4760.0000   8.4354916e-08
 4760.0000   8.2028012e-08
 4760.0000   8.2958773e-08
 4770.0000   8.4577533e-08
 4770.0000   8.5379715e-08
 4770.0000   8.1827193e-08
 4770.0000   8.8703042e-08
 4770.0000   8.9276030e-08
 4780.0000   8.8845671e-08
 4780.0000   8.8055471e-08
 4780.0000   9.0087416e-08
 4780.0000   9.3699763e-08
 4790.0000   8.9750382e-08
 4790.0000   9.2196988e-08
 4790.0000   9.4087546e-08
 4790.0000   9.4198756e-08
 4790.0000   9.3420290e-08
 4800.0000   9.1712050e-08
 4800.0000   9.4779929e-08
 4800.0000   1.0091569e-07
 4800.0000   1.0113482e-07
 4810.0000   9.5871292e-08
 4810.0000   9.7706583e-08
 4810.0000   9.8138416e-08
 4810.0000   1.0321246e-07
 4820.0000   1.0128002e-07
 4820.0000   1.0574807e-07
 4820.0000   1.0553530e-07
 4820.0000   1.0489701e-07
 4820.0000   1.0766294e-07
 4830.0000   1.0368869e-07
 4830.0000   1.0557577e-07
 4830.0000   1.0662414e-07
 4830.0000   1.0861606e-07
 4840.0000   1.0828804e-07
 4840.0000   1.1118112e-07
 4840.0000   1.0952793e-07
 4840.0000   1.1242102e-07
 4840.0000   1.1221437e-07
 4850.0000   1.0948341e-07
 4850.0000   1.1386258e-07
 4850.0000   1.1467731e-07
 4850.0000   1.1355706e-07
 4860.0000   1.1625296e-07
 4860.0000   1.1524908e-07
 4860.0000   1.1434559e-07
 4860.0000   1.1936497e-07
 4870.0000   1.1598854e-07
 4870.0000   1.1598854e-07
 4870.0000   1.1856157e-07
 4870.0000   1.1836365e-07
 4870.0000   1.2261906e-07
 4880.0000   1.1942511e-07
 4880.0000   1.1659569e-07
 4880.0000   1.1971781e-07
 4880.0000   1.2498640e-07
 4890.0000   1.2092373e-07
 4890.0000   1.2275148e-07
 4890.0000   1.2332866e-07
 4890.0000   1.2736895e-07
 4900.0000   1.2502250e-07
 4900.0000   1.2454823e-07
 4900.0000   1.2530707e-07
 4900.0000   1.2435852e-07
 4900.0000   1.2464308e-07
 4910.0000   1.2441019e-07
 4910.0000   1.2843236e-07
 4910.0000   1.2712282e-07
 4910.0000   1.2759051e-07
 4920.0000   1.2988895e-07
 4920.0000   1.2998120e-07
 4920.0000   1.3145717e-07
 4920.0000   1.2749050e-07
 4920.0000   1.2942771e-07
 4930.0000   1.3029039e-07
 4930.0000   1.2765190e-07
 4930.0000   1.2865271e-07
 4930.0000   1.3329281e-07
 4940.0000   1.2707690e-07
 4940.0000   1.3030758e-07
 4940.0000   1.3488438e-07
 4940.0000   1.3138447e-07
 4950.0000   1.3455926e-07
 4950.0000   1.3216913e-07
 4950.0000   1.3199208e-07
 4950.0000   1.3535598e-07
 4950.0000   1.3526745e-07
 4960.0000   1.3344250e-07
 4960.0000   1.3283120e-07
 4960.0000   1.3597505e-07
 4960.0000   1.3658635e-07
 4970.0000   1.3328923e-07
 4970.0000   1.3570164e-07
 4970.0000   1.3785558e-07
 4970.0000   1.3432312e-07
 4970.0000   1.3776942e-07
 4980.0000   1.3771659e-07
 4980.0000   1.3746157e-07
 4980.0000   1.3865168e-07
 4980.0000   1.3839665e-07
 4990.0000   1.3664446e-07
 4990.0000   1.3454745e-07
 4990.0000   1.3958027e-07
 4990.0000   1.3991579e-07
 5000.0000   1.4212582e-07
 5000.0000   1.3765604e-07
 5000.0000   1.3955983e-07
 5000.0000   1.4245691e-07
 5000.0000   1.4502290e-07
 5010.0000   1.3928096e-07
 5010.0000   1.4156821e-07
 5010.0000   1.4091471e-07
 5010.0000   1.4377378e-07
 5020.0000   1.4093058e-07
 5020.0000   1.3891503e-07
 5020.0000   1.3810881e-07
 5020.0000   1.4600977e-07
 5020.0000   1.4560666e-07
 5030.0000   1.4562739e-07
 5030.0000   1.4427460e-07
 5030.0000   1.4268308e-07
 5030.0000   1.4316053e-07
 5040.0000   1.4382707e-07
 5040.0000   1.4359142e-07
 5040.0000   1.4767599e-07
 5040.0000   1.4492676e-07
 5040.0000   1.4641920e-07
 5050.0000   1.4810750e-07
 5050.0000   1.4834012e-07
 5050.0000   1.4585879e-07
 5050.0000   1.5051129e-07
 5060.0000   1.4675363e-07
 5060.0000   1.5019848e-07
 5060.0000   1.5165297e-07
 5060.0000   1.5165297e-07
 5070.0000   1.4670547e-07
 5070.0000   1.5071126e-07
 5070.0000   1.4935080e-07
 5070.0000   1.5093800e-07
 5070.0000   1.5350775e-07
 5080.0000   1.5097372e-07
 5080.0000   1.5015282e-07
 5080.0000   1.5030207e-07
 5080.0000   1.5336179e-07
 5090.0000   1.5276374e-07
 5090.0000   1.5460601e-07
 5090.0000   1.5342696e-07
 5090.0000   1.5187946e-07
 5090.0000   1.5467970e-07
 5100.0000   1.5318604e-07
 5100.0000   1.5449592e-07
 5100.0000   1.5828001e-07
 5100.0000   1.5616965e-07
 5110.0000   1.5753745e-07
 5110.0000   1.5610009e-07
 5110.0000   1.5897481e-07
 5110.0000   1.5983723e-07
 5120.0000   1.5502529e-07
 5120.0000   1.5942611e-07
 5120.0000   1.6063279e-07
 5120.0000   1.6027788e-07
 5120.0000   1.5921317e-07
 5130.0000   1.6328844e-07
 5130.0000   1.6139547e-07
 5130.0000   1.6532162e-07
 5130.0000   1.6476074e-07
 5140.0000   1.5984095e-07
 5140.0000   1.6427321e-07
 5140.0000   1.6635082e-07
 5140.0000   1.6364992e-07
 5140.0000   1.6655859e-07
 5150.0000   1.6385257e-07
 5150.0000   1.6104763e-07
 5150.0000   1.6953088e-07
 5150.0000   1.6953088e-07
 5160.0000   1.7032290e-07
 5160.0000   1.6829528e-07
 5160.0000   1.6816010e-07
 5160.0000   1.7113395e-07
 5160.0000   1.7086360e-07
 5170.0000   1.7041481e-07
 5170.0000   1.7241809e-07
 5170.0000   1.7508913e-07
 5170.0000   1.7108257e-07
 5180.0000   1.7359234e-07
 5180.0000   1.7154700e-07
 5180.0000   1.7134907e-07
 5180.0000   1.7167896e-07
 5190.0000   1.7290008e-07
 5190.0000   1.7166138e-07
 5190.0000   1.7426918e-07
 5190.0000   1.7348684e-07
 5190.0000   1.7726816e-07
 5200.0000   1.7453044e-07
 5200.0000   1.7659205e-07
 5200.0000   1.7607665e-07
 5200.0000   1.7897578e-07
 5210.0000   1.7872011e-07
 5210.0000   1.7661905e-07
 5210.0000   1.7610970e-07
 5210.0000   1.7891112e-07
 5210.0000   1.8171254e-07
 5220.0000   1.7499651e-07
 5220.0000   1.7864615e-07
 5220.0000   1.8097437e-07
 5220.0000   1.8122607e-07
 5230.0000   1.8254147e-07
 5230.0000   1.7924520e-07
 5230.0000   1.8030249e-07
 5230.0000   1.7980494e-07
 5230.0000   1.8042688e-07
 5240.0000   1.8276859e-07
 5240.0000   1.8362924e-07
 5240.0000   1.8104728e-07
 5240.0000   1.8393662e-07
 5250.0000   1.7993932e-07
 5250.0000   1.8133701e-07
 5250.0000   1.8200547e-07
 5250.0000   1.8674545e-07
 5260.0000   1.8365023e-07
 5260.0000   1.8395061e-07
 5260.0000   1.8797560e-07
 5260.0000   1.8773530e-07
 5260.0000   1.8635359e-07
 5270.0000   1.8649254e-07
 5270.0000   1.8423566e-07
 5270.0000   1.8435444e-07
 5270.0000   1.8488897e-07
 5280.0000   1.8585260e-07
 5280.0000   1.8597004e-07
 5280.0000   1.8696828e-07
 5280.0000   1.8608748e-07
 5280.0000   1.8661596e-07
 5290.0000   1.8550512e-07
 5290.0000   1.8480840e-07
 5290.0000   1.8689857e-07
 5290.0000   1.8666633e-07
 5300.0000   1.8681835e-07
 5300.0000   1.8710541e-07
 5300.0000   1.8790917e-07
 5300.0000   1.8515343e-07
 5300.0000   1.8813881e-07
 5310.0000   1.8502487e-07
 5310.0000   1.8882864e-07
 5310.0000   1.8735255e-07
 5310.0000   1.8882864e-07
 5320.0000   1.8455070e-07
 5320.0000   1.8848084e-07
 5320.0000   1.8685264e-07
 5320.0000   1.8786325e-07
 5320.0000   1.8702107e-07
 5330.0000   1.8596350e-07
 5330.0000   1.8662983e-07
 5330.0000   1.8590797e-07
 5330.0000   1.8862881e-07
 5340.0000   1.8469804e-07
 5340.0000   1.8969576e-07
 5340.0000   1.9013512e-07
 5340.0000   1.8892688e-07
 5350.0000   1.8812075e-07
 5350.0000   1.8980475e-07
 5350.0000   1.9159739e-07
 5350.0000   1.8621947e-07
 5350.0000   1.9170603e-07
 5360.0000   1.8904048e-07
 5360.0000   1.8656868e-07
 5360.0000   1.8914795e-07
 5360.0000   1.8957782e-07
 5370.0000   1.8631490e-07
 5370.0000   1.8615543e-07
 5370.0000   1.8881324e-07
 5370.0000   1.8684646e-07
 5370.0000   1.8838799e-07
 5380.0000   1.8253257e-07
 5380.0000   1.8505676e-07
 5380.0000   1.8742319e-07
 5380.0000   1.9268191e-07
 5390.0000   1.8683256e-07
 5390.0000   1.8990217e-07
 5390.0000   1.8828932e-07
 5390.0000   1.9021434e-07
 5390.0000   1.9026637e-07
 5400.0000   1.8799430e-07
 5400.0000   1.8742806e-07
 5400.0000   1.8830316e-07
 5400.0000   1.9072255e-07
 5410.0000   1.8845928e-07
 5410.0000   1.8871395e-07
 5410.0000   1.8937610e-07
 5410.0000   1.9217749e-07
 5410.0000   1.8978357e-07
 5420.0000   1.8693883e-07
 5420.0000   1.8739244e-07
 5420.0000   1.9258373e-07
 5420.0000   1.8991249e-07
 5430.0000   1.8818333e-07
 5430.0000   1.8788407e-07
 5430.0000   1.8828308e-07
 5430.0000   1.9177438e-07
 5430.0000   1.9087662e-07
 5440.0000   1.8761543e-07
 5440.0000   1.8820774e-07
 5440.0000   1.9146543e-07
 5440.0000   1.9294620e-07
 5450.0000   1.9095768e-07
 5450.0000   1.9198353e-07
 5450.0000   1.9066458e-07
 5450.0000   1.9076228e-07
 5450.0000   1.9037147e-07
 5460.0000   1.9175617e-07
 5460.0000   1.9257812e-07
 5460.0000   1.9325501e-07
 5460.0000   1.8948375e-07
 5470.0000   1.8951401e-07
 5470.0000   1.9272040e-07
 5470.0000   1.9343825e-07
 5470.0000   1.9262468e-07
 5480.0000   1.9242411e-07
 5480.0000   1.9223462e-07
 5480.0000   1.9436633e-07
 5480.0000   1.9261359e-07
 5480.0000   1.9531376e-07
 5490.0000   1.9090536e-07
 5490.0000   1.9343761e-07
 5490.0000   1.9325004e-07
 5490.0000   1.9287489e-07
 5500.0000   1.9423605e-07
 5500.0000   1.9186847e-07
 5500.0000   1.9275051e-07
 5500.0000   1.9507166e-07
 5500.0000   1.9632509e-07
 5510.0000   1.9684801e-07
 5510.0000   1.9468790e-07
 5510.0000   1.9248182e-07
 5510.0000   1.9666417e-07
 5520.0000   1.9389334e-07
 5520.0000   1.9748814e-07
 5520.0000   1.9748814e-07
 5520.0000   1.9616853e-07
 5520.0000   1.9662357e-07
 5530.0000   1.9423214e-07
 5530.0000   1.9553872e-07
 5530.0000   1.9540356e-07
 5530.0000   1.9837716e-07
 5540.0000   1.9593874e-07
 5540.0000   1.9576029e-07
 5540.0000   1.9839241e-07
 5540.0000   2.0008767e-07
 5540.0000   2.0361204e-07
 5550.0000   1.9813372e-07
 5550.0000   2.0113773e-07
 5550.0000   2.0091684e-07
 5550.0000   1.9910560e-07
 5560.0000   1.9760913e-07
 5560.0000   2.0062771e-07
 5560.0000   2.0040897e-07
 5560.0000   2.0224636e-07
 5560.0000   2.0351504e-07
 5570.0000   2.0016245e-07
 5570.0000   2.0102895e-07
 5570.0000   2.0345514e-07
 5570.0000   2.0423499e-07
 5580.0000   2.0360256e-07
 5580.0000   2.0283021e-07
 5580.0000   2.0154295e-07
 5580.0000   2.0338802e-07
 5580.0000   2.0441782e-07
 5590.0000   2.0195401e-07
 5590.0000   2.0254898e-07
 5590.0000   2.0365394e-07
 5590.0000   2.0543887e-07
 5600.0000   2.0226504e-07
 5600.0000   2.0331740e-07
 5600.0000   2.0567468e-07
 5600.0000   2.0697961e-07
 5600.0000   2.0697961e-07
 5610.0000   2.0539764e-07
 5610.0000   2.0656514e-07
 5610.0000   2.0652344e-07
 5610.0000   2.0635666e-07
 5620.0000   2.0656356e-07
 5620.0000   2.0582008e-07
 5620.0000   2.0780268e-07
 5620.0000   2.0726573e-07
 5620.0000   2.0862876e-07
 5630.0000   2.0512208e-07
 5630.0000   2.0810907e-07
 5630.0000   2.0757714e-07
 5630.0000   2.0745439e-07
 5640.0000   2.0803721e-07
 5640.0000   2.0661842e-07
 5640.0000   2.0803721e-07
 5640.0000   2.0751023e-07
 5640.0000   2.0880741e-07
 5650.0000   2.0755747e-07
 5650.0000   2.0896313e-07
 5650.0000   2.0799925e-07
 5650.0000   2.0763779e-07
 5660.0000   2.0934724e-07
 5660.0000   2.0791473e-07
 5660.0000   2.0799431e-07
 5660.0000   2.0898911e-07
 5660.0000   2.1137663e-07
 5670.0000   2.0971695e-07
 5670.0000   2.0837641e-07
 5670.0000   2.0841584e-07
 5670.0000   2.0955924e-07
 5680.0000   2.0745509e-07
 5680.0000   2.0964292e-07
 5680.0000   2.0913503e-07
 5680.0000   2.1257306e-07
 5680.0000   2.1101032e-07
 5690.0000   2.0902110e-07
 5690.0000   2.0816938e-07
 5690.0000   2.0929210e-07
 5690.0000   2.1107297e-07
 5700.0000   2.0752106e-07
 5700.0000   2.0755943e-07
 5700.0000   2.0955444e-07
 5700.0000   2.0932424e-07
 5700.0000   2.1120416e-07
 5710.0000   2.0714368e-07
 5710.0000   2.0904477e-07
 5710.0000   2.1254276e-07
 5710.0000   2.1155420e-07
 5720.0000   2.0846206e-07
 5720.0000   2.0816060e-07
 5720.0000   2.0974327e-07
 5720.0000   2.0887657e-07
 5720.0000   2.0891425e-07
 5730.0000   2.0683730e-07
 5730.0000   2.0814450e-07
 5730.0000   2.0575420e-07
 5730.0000   2.0706139e-07
 5740.0000   2.0834432e-07
 5740.0000   2.0889961e-07
 5740.0000   2.0782606e-07
 5740.0000   2.0715971e-07
 5740.0000   2.0812221e-07
 5750.0000   2.0717659e-07
 5750.0000   2.0622255e-07
 5750.0000   2.0629593e-07
 5750.0000   2.0435114e-07
 5760.0000   2.0569563e-07
 5760.0000   2.0558651e-07
 5760.0000   2.0525915e-07
 5760.0000   2.0525915e-07
 5760.0000   2.0609575e-07
 5770.0000   2.0347707e-07
 5770.0000   2.0365736e-07
 5770.0000   2.0322466e-07
 5770.0000   2.0491939e-07
 5780.0000   2.0261349e-07
 5780.0000   2.0347141e-07
 5780.0000   2.0525875e-07
 5780.0000   2.0322119e-07
 5780.0000   2.0236327e-07
 5790.0000   2.0115651e-07
 5790.0000   2.0069579e-07
 5790.0000   1.9856942e-07
 5790.0000   2.0438151e-07
 5800.0000   2.0263513e-07
 5800.0000   2.0105397e-07
 5800.0000   2.0375950e-07
 5800.0000   1.9891063e-07
 5800.0000   2.0288108e-07
 5810.0000   2.0147025e-07
 5810.0000   2.0345602e-07
 5810.0000   2.0073865e-07
 5810.0000   2.0119154e-07
 5820.0000   1.9928332e-07
 5820.0000   2.0063052e-07
 5820.0000   1.9803975e-07
 5820.0000   2.0135594e-07
 5820.0000   2.0204681e-07
 5830.0000   2.0106698e-07
 5830.0000   1.9699086e-07
 5830.0000   1.9949133e-07
 5830.0000   1.9911455e-07
 5840.0000   1.9714323e-07
 5840.0000   1.9853586e-07
 5840.0000   1.9836602e-07
 5840.0000   1.9901139e-07
 5840.0000   1.9619216e-07
 5850.0000   1.9698491e-07
 5850.0000   1.9614281e-07
 5850.0000   1.9806280e-07
 5850.0000   1.9701860e-07
 5860.0000   1.9555492e-07
 5860.0000   1.9575535e-07
 5860.0000   1.9475320e-07
 5860.0000   1.9642346e-07
 5860.0000   1.9745901e-07
 5870.0000   1.9851685e-07
 5870.0000   1.9477315e-07
 5870.0000   1.9517071e-07
 5870.0000   1.9556827e-07
 5880.0000   1.9265230e-07
 5880.0000   1.9593817e-07
 5880.0000   1.9439381e-07
 5880.0000   1.9652963e-07
 5880.0000   1.9383521e-07
 5890.0000   1.9528714e-07
 5890.0000   1.9281022e-07
 5890.0000   1.9382054e-07
 5890.0000   1.9365758e-07
 5900.0000   1.9199134e-07
 5900.0000   1.9111851e-07
 5900.0000   1.9176505e-07
 5900.0000   1.9237927e-07
 5900.0000   1.9338140e-07
 5910.0000   1.9146992e-07
 5910.0000   1.9320151e-07
 5910.0000   1.9454830e-07
 5910.0000   1.9355424e-07
 5920.0000   1.9165243e-07
 5920.0000   1.9107987e-07
 5920.0000   1.9365642e-07
 5920.0000   1.9289300e-07
 5920.0000   1.9088901e-07
 5930.0000   1.9132300e-07
 5930.0000   1.9195411e-07
 5930.0000   1.8917722e-07
 5930.0000   1.9236434e-07
 5930.0000   1.9315323e-07
 5940.0000   1.9168345e-07
 5940.0000   1.9252869e-07
 5940.0000   1.9165215e-07
 5940.0000   1.9221564e-07
 5950.0000   1.8818302e-07
 5950.0000   1.9212741e-07
 5950.0000   1.9001546e-07
 5950.0000   1.9091614e-07
 5950.0000   1.9194107e-07
 5960.0000   1.9028024e-07
 5960.0000   1.9105060e-07
 5960.0000   1.9175934e-07
 5960.0000   1.8883197e-07
 5970.0000   1.8757146e-07
 5970.0000   1.9084285e-07
 5970.0000   1.9286072e-07
 5970.0000   1.8992564e-07
 5970.0000   1.8958933e-07
 5980.0000   1.8929980e-07
 5980.0000   1.8899644e-07
 5980.0000   1.8720660e-07
 5980.0000   1.9045258e-07
 5990.0000   1.8771676e-07
 5990.0000   1.8913155e-07
 5990.0000   1.8819839e-07
 5990.0000   1.8828869e-07
 5990.0000   1.9057644e-07
 6000.0000   1.8821558e-07
 6000.0000   1.8929092e-07
 6000.0000   1.8929092e-07
 6000.0000   1.8791687e-07
 6010.0000   1.8731015e-07
 6010.0000   1.8914797e-07
 6010.0000   1.8769550e-07
 6010.0000   1.8938511e-07
 6010.0000   1.8843656e-07
 6020.0000   1.8900381e-07
 6020.0000   1.8782714e-07
 6020.0000   1.8782714e-07
 6020.0000   1.8647397e-07
 6030.0000   1.8462536e-07
 6030.0000   1.8666896e-07
 6030.0000   1.8459617e-07
 6030.0000   1.8666896e-07
 6030.0000   1.8550119e-07
 6040.0000   1.8703167e-07
 6040.0000   1.8726346e-07
 6040.0000   1.8781398e-07
 6040.0000   1.8491653e-07
 6040.0000   1.8538012e-07
 6050.0000   1.8468261e-07
 6050.0000   1.8663813e-07
 6050.0000   1.8646558e-07
 6050.0000   1.8603422e-07
 6060.0000   1.8593341e-07
 6060.0000   1.8627593e-07
 6060.0000   1.8484876e-07
 6060.0000   1.8316469e-07
 6060.0000   1.8599050e-07
 6070.0000   1.8464118e-07
 6070.0000   1.8475450e-07
 6070.0000   1.8532115e-07
 6070.0000   1.8625610e-07
 6080.0000   1.8111522e-07
 6080.0000   1.8572744e-07
 6080.0000   1.8347757e-07
 6080.0000   1.8583993e-07
 6080.0000   1.8316822e-07
 6090.0000   1.8431033e-07
 6090.0000   1.8366824e-07
 6090.0000   1.8400324e-07
 6090.0000   1.8288655e-07
 6100.0000   1.8241227e-07
 6100.0000   1.8282798e-07
 6100.0000   1.8227371e-07
 6100.0000   1.8243999e-07
 6100.0000   1.8313283e-07
 6110.0000   1.8207977e-07
 6110.0000   1.8312525e-07
 6110.0000   1.8408820e-07
 6110.0000   1.8158455e-07
 6120.0000   1.8278742e-07
 6120.0000   1.7986480e-07
 6120.0000   1.8243234e-07
 6120.0000   1.8024720e-07
 6120.0000   1.8278742e-07
 6130.0000   1.7971296e-07
 6130.0000   1.7936043e-07
 6130.0000   1.7976720e-07
 6130.0000   1.7963161e-07
 6130.0000   1.7982143e-07
 6140.0000   1.7638376e-07
 6140.0000   1.8096093e-07
 6140.0000   1.7657223e-07
 6140.0000   1.7759536e-07
 6150.0000   1.7638767e-07
 6150.0000   1.7876694e-07
 6150.0000   1.7772434e-07
 6150.0000   1.7791147e-07
 6150.0000   1.7764414e-07
 6160.0000   1.7559292e-07
 6160.0000   1.7546020e-07
 6160.0000   1.7564601e-07
 6160.0000   1.7649543e-07
 6170.0000   1.7509707e-07
 6170.0000   1.7630954e-07
 6170.0000   1.7462263e-07
 6170.0000   1.7433269e-07
 6170.0000   1.7478077e-07
 6180.0000   1.7327114e-07
 6180.0000   1.7384697e-07
 6180.0000   1.7460600e-07
 6180.0000   1.7321880e-07
 6190.0000   1.7191039e-07
 6190.0000   1.7310601e-07
 6190.0000   1.7328795e-07
 6190.0000   1.7523733e-07
 6190.0000   1.7357386e-07
 6200.0000   1.7322508e-07
 6200.0000   1.7170217e-07
 6200.0000   1.7221841e-07
 6200.0000   1.7257978e-07
 6200.0000   1.7203773e-07
 6210.0000   1.6895708e-07
 6210.0000   1.7100783e-07
 6210.0000   1.7021316e-07
 6210.0000   1.6923906e-07
 6220.0000   1.6802980e-07
 6220.0000   1.6945550e-07
 6220.0000   1.6713874e-07
 6220.0000   1.7121217e-07
 6220.0000   1.6973555e-07
 6230.0000   1.6718921e-07
 6230.0000   1.6885806e-07
 6230.0000   1.6802363e-07
 6230.0000   1.6640536e-07
 6240.0000   1.6477605e-07
 6240.0000   1.6668474e-07
 6240.0000   1.6449980e-07
 6240.0000   1.6593131e-07
 6240.0000   1.6608200e-07
 6250.0000   1.6513769e-07
 6250.0000   1.6606066e-07
 6250.0000   1.6436439e-07
 6250.0000   1.6598583e-07
 6260.0000   1.6244518e-07
 6260.0000   1.6251951e-07
 6260.0000   1.6341152e-07
 6260.0000   1.6227173e-07
 6260.0000   1.6212307e-07
 6270.0000   1.6168218e-07
 6270.0000   1.6015619e-07
 6270.0000   1.6419268e-07
 6270.0000   1.6217444e-07
 6270.0000   1.6360197e-07
 6280.0000   1.5723592e-07
 6280.0000   1.6131899e-07
 6280.0000   1.5840950e-07
 6280.0000   1.5862954e-07
 6290.0000   1.5962330e-07
 6290.0000   1.6015764e-07
 6290.0000   1.6049767e-07
 6290.0000   1.5763166e-07
 6290.0000   1.6042481e-07
 6300.0000   1.5524602e-07
 6300.0000   1.5618705e-07
 6300.0000   1.5780368e-07
 6300.0000   1.5659724e-07
 6310.0000   1.5600648e-07
 6310.0000   1.5631811e-07
 6310.0000   1.5526337e-07
 6310.0000   1.5533528e-07
 6310.0000   1.5639002e-07
 6320.0000   1.5466002e-07
 6320.0000   1.5492199e-07
 6320.0000   1.5508870e-07
 6320.0000   1.5599370e-07
 6320.0000   1.5482673e-07
 6330.0000   1.5491507e-07
 6330.0000   1.5311677e-07
 6330.0000   1.5332972e-07
 6330.0000   1.5330606e-07
 6340.0000   1.5283819e-07
 6340.0000   1.5145111e-07
 6340.0000   1.5257958e-07
 6340.0000   1.5288521e-07
 6340.0000   1.5203885e-07
 6350.0000   1.5144078e-07
 6350.0000   1.5242188e-07
 6350.0000   1.5027281e-07
 6350.0000   1.5001585e-07
 6360.0000   1.4848171e-07
 6360.0000   1.4908520e-07
 6360.0000   1.4885309e-07
 6360.0000   1.4964226e-07
 6360.0000   1.5045465e-07
 6370.0000   1.4698902e-07
 6370.0000   1.4802691e-07
 6370.0000   1.4721966e-07
 6370.0000   1.4682757e-07
 6370.0000   1.4964140e-07
 6380.0000   1.4782895e-07
 6380.0000   1.4821858e-07
 6380.0000   1.4993751e-07
 6380.0000   1.4874572e-07
 6390.0000   1.4710869e-07
 6390.0000   1.4647098e-07
 6390.0000   1.4776919e-07
 6390.0000   1.4644820e-07
 6390.0000   1.4790584e-07
 6400.0000   1.4515164e-07
 6400.0000   1.4515164e-07
 6400.0000   1.4689444e-07
 6400.0000   1.4214134e-07
 6410.0000   1.4625460e-07
 6410.0000   1.4477001e-07
 6410.0000   1.4620961e-07
 6410.0000   1.4459007e-07
 6410.0000   1.4461256e-07
 6420.0000   1.4414637e-07
 6420.0000   1.4314039e-07
 6420.0000   1.4365456e-07
 6420.0000   1.4338630e-07
 6420.0000   1.4356514e-07
 6430.0000   1.4277416e-07
 6430.0000   1.4341849e-07
 6430.0000   1.4199653e-07
 6430.0000   1.4375176e-07
 6440.0000   1.4219083e-07
 6440.0000   1.4121920e-07
 6440.0000   1.4208042e-07
 6440.0000   1.4254415e-07
 6440.0000   1.4073338e-07
 6450.0000   1.3924341e-07
 6450.0000   1.4113099e-07
 6450.0000   1.4216258e-07
 6450.0000   1.4205284e-07
 6460.0000   1.4086865e-07
 6460.0000   1.4041051e-07
 6460.0000   1.3990874e-07
 6460.0000   1.4089047e-07
 6460.0000   1.3905790e-07
 6470.0000   1.3848365e-07
 6470.0000   1.3785478e-07
 6470.0000   1.3889568e-07
 6470.0000   1.4013174e-07
 6470.0000   1.3950287e-07
 6480.0000   1.3838989e-07
 6480.0000   1.3918746e-07
 6480.0000   1.3653608e-07
 6480.0000   1.3821744e-07
 6490.0000   1.3938950e-07
 6490.0000   1.3668958e-07
 6490.0000   1.3619674e-07
 6490.0000   1.3859666e-07
 6490.0000   1.3720385e-07
 6500.0000   1.3688333e-07
 6500.0000   1.3656381e-07
 6500.0000   1.3686203e-07
 6500.0000   1.3652121e-07
 6510.0000   1.3459669e-07
 6510.0000   1.3580373e-07
 6510.0000   1.3485080e-07
 6510.0000   1.3684136e-07
 6510.0000   1.3425787e-07
 6520.0000   1.3439943e-07
 6520.0000   1.3515732e-07
 6520.0000   1.3423102e-07
 6520.0000   1.3387312e-07
 6520.0000   1.3486259e-07
 6530.0000   1.3665284e-07
 6530.0000   1.3374357e-07
 6530.0000   1.3437147e-07
 6530.0000   1.3474821e-07
 6540.0000   1.3467636e-07
 6540.0000   1.3278275e-07
 6540.0000   1.3330297e-07
 6540.0000   1.3259547e-07
 6540.0000   1.3172149e-07
 6550.0000   1.3253603e-07
 6550.0000   1.3117054e-07
 6550.0000   1.3189466e-07
 6550.0000   1.3346704e-07
 6550.0000   1.3232913e-07
 6560.0000   1.3165407e-07
 6560.0000   1.3311460e-07
 6560.0000   1.3122209e-07
 6560.0000   1.3142779e-07
 6570.0000   1.2965688e-07
 6570.0000   1.3049548e-07
 6570.0000   1.3000459e-07
 6570.0000   1.3037276e-07
 6570.0000   1.3182497e-07
 6580.0000   1.2802774e-07
 6580.0000   1.3099707e-07
 6580.0000   1.3150552e-07
 6580.0000   1.3008186e-07
 6580.0000   1.2965477e-07
 6590.0000   1.2813566e-07
 6590.0000   1.2920750e-07
 6590.0000   1.2947040e-07
 6590.0000   1.3025911e-07
 6600.0000   1.2930795e-07
 6600.0000   1.2840300e-07
 6600.0000   1.2832256e-07
 6600.0000   1.2699530e-07
 6600.0000   1.2576860e-07
 6610.0000   1.2928707e-07
 6610.0000   1.2976702e-07
 6610.0000   1.2754726e-07
 6610.0000   1.2742727e-07
 6620.0000   1.2860995e-07
 6620.0000   1.2817243e-07
 6620.0000   1.2707865e-07
 6620.0000   1.2928610e-07
 6620.0000   1.2691955e-07
 6630.0000   1.2705013e-07
 6630.0000   1.2849387e-07
 6630.0000   1.2689191e-07
 6630.0000   1.2625904e-07
 6630.0000   1.2525040e-07
 6640.0000   1.2527124e-07
 6640.0000   1.2487787e-07
 6640.0000   1.2682508e-07
 6640.0000   1.2540893e-07
 6650.0000   1.2585901e-07
 6650.0000   1.2474401e-07
 6650.0000   1.2538954e-07
 6650.0000   1.2488094e-07
 6650.0000   1.2536998e-07
 6660.0000   1.2336636e-07
 6660.0000   1.2321072e-07
 6660.0000   1.2445585e-07
 6660.0000   1.2400838e-07
 6660.0000   1.2408620e-07
 6670.0000   1.2179064e-07
 6670.0000   1.2264205e-07
 6670.0000   1.2322255e-07
 6670.0000   1.2119079e-07
 6680.0000   1.2379233e-07
 6680.0000   1.2138656e-07
 6680.0000   1.2129033e-07
 6680.0000   1.2130957e-07
 6680.0000   1.2121334e-07
 6690.0000   1.1974243e-07
 6690.0000   1.2119732e-07
 6690.0000   1.2165676e-07
 6690.0000   1.2138875e-07
 6690.0000   1.2050816e-07
 6700.0000   1.1996278e-07
 6700.0000   1.2026744e-07
 6700.0000   1.1988661e-07
 6700.0000   1.2017223e-07
 6710.0000   1.1942315e-07
 6710.0000   1.2101418e-07
 6710.0000   1.2093842e-07
 6710.0000   1.1923374e-07
 6710.0000   1.1951785e-07
 6720.0000   1.1704276e-07
 6720.0000   1.1753263e-07
 6720.0000   1.1817323e-07
 6720.0000   1.1830512e-07
 6720.0000   1.1757031e-07
 6730.0000   1.1736751e-07
 6730.0000   1.1688020e-07
 6730.0000   1.1577438e-07
 6730.0000   1.1678649e-07
 6740.0000   1.1505996e-07
 6740.0000   1.1668208e-07
 6740.0000   1.1569389e-07
 6740.0000   1.1612273e-07
 6740.0000   1.1671937e-07
 6750.0000   1.1589252e-07
 6750.0000   1.1414895e-07
 6750.0000   1.1572559e-07
 6750.0000   1.1303604e-07
 6750.0000   1.1335136e-07
 6760.0000   1.1263846e-07
 6760.0000   1.1361647e-07
 6760.0000   1.1352421e-07
 6760.0000   1.1394863e-07
 6770.0000   1.1290595e-07
 6770.0000   1.1268565e-07
 6770.0000   1.1097830e-07
 6770.0000   1.1257550e-07
 6770.0000   1.1173100e-07
 6780.0000   1.1139912e-07
 6780.0000   1.1094249e-07
 6780.0000   1.1172789e-07
 6780.0000   1.1024842e-07
 6780.0000   1.1088770e-07
 6790.0000   1.0979865e-07
 6790.0000   1.1036200e-07
 6790.0000   1.1032565e-07
 6790.0000   1.0945337e-07
 6800.0000   1.1089042e-07
 6800.0000   1.1034799e-07
 6800.0000   1.0940779e-07
 6800.0000   1.0962476e-07
 6800.0000   1.0859415e-07
 6810.0000   1.0846331e-07
 6810.0000   1.0840934e-07
 6810.0000   1.0668228e-07
 6810.0000   1.0610660e-07
 6810.0000   1.0810350e-07
 6820.0000   1.0704510e-07
 6820.0000   1.0536246e-07
 6820.0000   1.0666919e-07
 6820.0000   1.0708090e-07
 6830.0000   1.0533835e-07
 6830.0000   1.0437652e-07
 6830.0000   1.0357500e-07
 6830.0000   1.0361062e-07
 6830.0000   1.0441214e-07
 6840.0000   1.0457026e-07
 6840.0000   1.0538555e-07
 6840.0000   1.0428668e-07
 6840.0000   1.0357774e-07
 6840.0000   1.0467660e-07
 6850.0000   1.0442720e-07
 6850.0000   1.0174643e-07
 6850.0000   1.0259299e-07
 6850.0000   1.0190516e-07
 6860.0000   1.0110911e-07
 6860.0000   1.0170582e-07
 6860.0000   1.0124951e-07
 6860.0000   1.0242539e-07
 6860.0000   1.0149522e-07
 6870.0000   1.0152611e-07
 6870.0000   1.0101962e-07
 6870.0000   1.0063538e-07
 6870.0000   9.9919306e-08
 6870.0000   9.8574483e-08
 6880.0000   9.8967183e-08
 6880.0000   1.0002741e-07
 6880.0000   9.7976475e-08
 6880.0000   9.9106230e-08
 6890.0000   9.8474181e-08
 6890.0000   9.7436344e-08
 6890.0000   9.8785533e-08
 6890.0000   9.7038506e-08
 6890.0000   9.7315263e-08
 6900.0000   9.6867194e-08
 6900.0000   9.7693495e-08
 6900.0000   9.7108199e-08
 6900.0000   9.6729477e-08
 6900.0000   9.6213040e-08
 6910.0000   9.6714899e-08
 6910.0000   9.6714899e-08
 6910.0000   9.5721202e-08
 6910.0000   9.6886227e-08
 6920.0000   9.5575314e-08
 6920.0000   9.4177077e-08
 6920.0000   9.5575314e-08
 6920.0000   9.4040663e-08
 6920.0000   9.3682578e-08
 6930.0000   9.3292672e-08
 6930.0000   9.2630786e-08
 6930.0000   9.4192158e-08
 6930.0000   9.2800500e-08
 6930.0000   9.2647757e-08
 6940.0000   9.3092506e-08
 6940.0000   9.2315474e-08
 6940.0000   9.2822234e-08
 6940.0000   9.2923586e-08
 6950.0000   9.0675128e-08
 6950.0000   9.1852064e-08
 6950.0000   9.2860865e-08
 6950.0000   9.2104264e-08
 6950.0000   9.1129089e-08
 6960.0000   9.1962247e-08
 6960.0000   9.1761421e-08
 6960.0000   9.0322168e-08
 6960.0000   9.1309562e-08
 6960.0000   8.9318038e-08
 6970.0000   8.9922783e-08
 6970.0000   9.0222634e-08
 6970.0000   8.8640085e-08
 6970.0000   8.9473006e-08
 6970.0000   8.9156496e-08
 6980.0000   8.8532440e-08
 6980.0000   8.8018395e-08
 6980.0000   8.7819410e-08
 6980.0000   8.8432948e-08
 6990.0000   8.7963906e-08
 6990.0000   8.7072553e-08
 6990.0000   8.7336658e-08
 6990.0000   8.8046438e-08
 6990.0000   8.7072553e-08
 7000.0000   8.7532299e-08
 7000.0000   8.6612124e-08
 7000.0000   8.7269392e-08
 7000.0000   8.6447807e-08
 7000.0000   8.6628556e-08
 7010.0000   8.4667628e-08
 7010.0000   8.5665443e-08
 7010.0000   8.5714515e-08
 7010.0000   8.5943522e-08
 7020.0000   8.5085837e-08
 7020.0000   8.4971847e-08
 7020.0000   8.3652823e-08
 7020.0000   8.5248679e-08
 7020.0000   8.4971847e-08
 7030.0000   8.4268564e-08
 7030.0000   8.3263444e-08
 7030.0000   8.3360714e-08
 7030.0000   8.4074024e-08
 7030.0000   8.3863274e-08
 7040.0000   8.4136751e-08
 7040.0000   8.2700320e-08
 7040.0000   8.3362047e-08
 7040.0000   8.2151572e-08
 7040.0000   8.3006974e-08
 7050.0000   8.1467635e-08
 7050.0000   8.1483704e-08
 7050.0000   8.2078236e-08
 7050.0000   8.2013962e-08
 7060.0000   8.1365974e-08
 7060.0000   8.1621940e-08
 7060.0000   8.2085879e-08
 7060.0000   8.1557949e-08
 7060.0000   8.1110007e-08
 7070.0000   8.0867349e-08
 7070.0000   8.0708069e-08
 7070.0000   7.9863882e-08
 7070.0000   8.1010702e-08
 7070.0000   8.0102803e-08
 7080.0000   8.0119671e-08
 7080.0000   8.0167248e-08
 7080.0000   7.9897647e-08
 7080.0000   8.0389272e-08
 7090.0000   8.0073592e-08
 7090.0000   7.9505138e-08
 7090.0000   8.1273660e-08
 7090.0000   7.9505138e-08
 7090.0000   7.8984056e-08
 7100.0000   7.7858566e-08
 7100.0000   7.8314519e-08
 7100.0000   7.8424577e-08
 7100.0000   7.8424577e-08
 7100.0000   7.8157294e-08
 7110.0000   7.8261631e-08
 7110.0000   7.7228379e-08
 7110.0000   7.8386874e-08
 7110.0000   7.7745005e-08
 7110.0000   7.7791971e-08
 7120.0000   7.7788667e-08
 7120.0000   7.7383359e-08
 7120.0000   7.6073901e-08
 7120.0000   7.8131620e-08
 7130.0000   7.6388708e-08
 7130.0000   7.5208969e-08
 7130.0000   7.6466322e-08
 7130.0000   7.6450799e-08
 7130.0000   7.6373185e-08
 7140.0000   7.5866530e-08
 7140.0000   7.6994935e-08
 7140.0000   7.6453919e-08
 7140.0000   7.5140023e-08
 7140.0000   7.5325514e-08
 7150.0000   7.5733927e-08
 7150.0000   7.4933494e-08
 7150.0000   7.4856529e-08
 7150.0000   7.5595390e-08
 7150.0000   7.4379347e-08
 7160.0000   7.3686698e-08
 7160.0000   7.3717356e-08
 7160.0000   7.4192552e-08
 7160.0000   7.2736305e-08
 7170.0000   7.4419854e-08
 7170.0000   7.3412332e-08
 7170.0000   7.4389323e-08
 7170.0000   7.2007908e-08
 7170.0000   7.3030695e-08
 7180.0000   7.2654126e-08
 7180.0000   7.3414259e-08
 7180.0000   7.2152438e-08
 7180.0000   7.1240278e-08
 7180.0000   7.2517302e-08
 7190.0000   7.2508134e-08
 7190.0000   7.2053921e-08
 7190.0000   7.1024371e-08
 7190.0000   7.0827546e-08
 7200.0000   7.0659819e-08
 7200.0000   7.1730413e-08
 7200.0000   7.0689976e-08
 7200.0000   7.1458995e-08
 7200.0000   7.0463794e-08
 7210.0000   6.9337472e-08
 7210.0000   6.9142241e-08
 7210.0000   7.0028288e-08
 7210.0000   6.9697897e-08
 7210.0000   6.9742951e-08
 7220.0000   6.9641551e-08
 7220.0000   6.8923603e-08
 7220.0000   6.8893688e-08
 7220.0000   6.9088132e-08
 7220.0000   6.8400099e-08
 7230.0000   6.7381241e-08
 7230.0000   6.8513438e-08
 7230.0000   6.7813264e-08
 7230.0000   6.8066518e-08
 7240.0000   6.7825012e-08
 7240.0000   6.7172141e-08
 7240.0000   6.7869526e-08
 7240.0000   6.6489594e-08
 7240.0000   6.8611425e-08
 7250.0000   6.7571033e-08
 7250.0000   6.6684281e-08
 7250.0000   6.7497137e-08
 7250.0000   6.7245891e-08
 7250.0000   6.6669502e-08
 7260.0000   6.6818938e-08
 7260.0000   6.6627566e-08
 7260.0000   6.5714867e-08
 7260.0000   6.5950402e-08
 7260.0000   6.7304729e-08
 7270.0000   6.6322412e-08
 7270.0000   6.6073137e-08
 7270.0000   6.5721220e-08
 7270.0000   6.7187543e-08
 7280.0000   6.5056034e-08
 7280.0000   6.6136884e-08
 7280.0000   6.6472823e-08
 7280.0000   6.5538035e-08
 7280.0000   6.5830156e-08
 7290.0000   6.5793149e-08
 7290.0000   6.5356666e-08
 7290.0000   6.5327567e-08
 7290.0000   6.4236359e-08
 7290.0000   6.4978381e-08
 7300.0000   6.4220536e-08
 7300.0000   6.5104629e-08
 7300.0000   6.5017669e-08
 7300.0000   6.4510402e-08
 7300.0000   6.4481416e-08
 7310.0000   6.5057056e-08
 7310.0000   6.5345810e-08
 7310.0000   6.4681674e-08
 7310.0000   6.4753863e-08
 7320.0000   6.3830871e-08
 7320.0000   6.4348647e-08
 7320.0000   6.4550004e-08
 7320.0000   6.4780127e-08
 7320.0000   6.3888401e-08
 7330.0000   6.4247802e-08
 7330.0000   6.4563020e-08
 7330.0000   6.4591676e-08
 7330.0000   6.3502740e-08
 7330.0000   6.4133177e-08
 7340.0000   6.4105303e-08
 7340.0000   6.3777000e-08
 7340.0000   6.3020476e-08
 7340.0000   6.3405875e-08
 7340.0000   6.4219496e-08
 7350.0000   6.2869308e-08
 7350.0000   6.3068395e-08
 7350.0000   6.3495009e-08
 7350.0000   6.2286269e-08
 7350.0000   6.2656001e-08
 7360.0000   6.2322988e-08
 7360.0000   6.2167147e-08
 7360.0000   6.2308821e-08
 7360.0000   6.2748010e-08
 7370.0000   6.1244770e-08
 7370.0000   6.2317496e-08
 7370.0000   6.2486874e-08
 7370.0000   6.1117737e-08
 7370.0000   6.1400033e-08
 7380.0000   6.2467144e-08
 7380.0000   6.2453081e-08
 7380.0000   6.2214015e-08
 7380.0000   6.2649959e-08
 7380.0000   6.1792134e-08
 7390.0000   6.0290266e-08
 7390.0000   6.1271042e-08
 7390.0000   6.0598509e-08
 7390.0000   6.0906753e-08
 7390.0000   6.1271042e-08
 7400.0000   6.0754167e-08
 7400.0000   6.1242765e-08
 7400.0000   6.0782087e-08
 7400.0000   6.1745322e-08
 7410.0000   6.0672645e-08
 7410.0000   6.0881284e-08
 7410.0000   6.0060639e-08
 7410.0000   6.0728282e-08
 7410.0000   6.1451563e-08
 7420.0000   6.0051623e-08
 7420.0000   5.9552699e-08
 7420.0000   6.0079341e-08
 7420.0000   5.9926892e-08
 7420.0000   6.0772291e-08
 7430.0000   5.8675969e-08
 7430.0000   6.0277840e-08
 7430.0000   5.9573569e-08
 7430.0000   5.8814061e-08
 7430.0000   5.7930271e-08
 7440.0000   5.9291982e-08
 7440.0000   5.9016784e-08
 7440.0000   5.9126863e-08
 7440.0000   5.9016784e-08
 7440.0000   5.8108630e-08
 7450.0000   5.8779721e-08
 7450.0000   5.8217569e-08
 7450.0000   5.8574056e-08
 7450.0000   5.8875698e-08
 7460.0000   5.8107542e-08
 7460.0000   5.8052892e-08
 7460.0000   5.7424413e-08
 7460.0000   5.7383425e-08
 7460.0000   5.7752315e-08
 7470.0000   5.7658334e-08
 7470.0000   5.7222667e-08
 7470.0000   5.7372427e-08
 7470.0000   5.6977604e-08
 7470.0000   5.7181823e-08
 7480.0000   5.7402614e-08
 7480.0000   5.6859933e-08
 7480.0000   5.6154448e-08
 7480.0000   5.6900634e-08
 7480.0000   5.6317252e-08
 7490.0000   5.6459567e-08
 7490.0000   5.6784045e-08
 7490.0000   5.6554207e-08
 7490.0000   5.5364457e-08
 7490.0000   5.5269818e-08
 7500.0000   5.5078836e-08
 7500.0000   5.4849792e-08
 7500.0000   5.5186621e-08
 7500.0000   5.6210581e-08
 7510.0000   5.5346078e-08
 7510.0000   5.4688162e-08
 7510.0000   5.5386359e-08
 7510.0000   5.5305798e-08
 7510.0000   5.4929845e-08
 7520.0000   5.4528035e-08
 7520.0000   5.3751938e-08
 7520.0000   5.5063274e-08
 7520.0000   5.3952653e-08
 7520.0000   5.3899129e-08
 7530.0000   5.4022672e-08
 7530.0000   5.4036008e-08
 7530.0000   5.3329226e-08
 7530.0000   5.3382568e-08
 7530.0000   5.3169200e-08
 7540.0000   5.2803442e-08
 7540.0000   5.3401512e-08
 7540.0000   5.3188865e-08
 7540.0000   5.2989508e-08
 7540.0000   5.2511052e-08
 7550.0000   5.1526578e-08
 7550.0000   5.2917384e-08
 7550.0000   5.2056408e-08
 7550.0000   5.2003425e-08
 7560.0000   5.1354365e-08
 7560.0000   5.2436888e-08
 7560.0000   5.1301559e-08
 7560.0000   5.1790014e-08
 7560.0000   5.0945118e-08
 7570.0000   5.1538937e-08
 7570.0000   5.0920529e-08
 7570.0000   5.0894214e-08
 7570.0000   5.1038948e-08
 7570.0000   5.0315278e-08
 7580.0000   5.0319462e-08
 7580.0000   5.0568631e-08
 7580.0000   5.0096522e-08
 7580.0000   4.9873582e-08
 7580.0000   4.9440815e-08
 7590.0000   4.9317529e-08
 7590.0000   5.0310928e-08
 7590.0000   4.9304458e-08
 7590.0000   4.9291387e-08
 7590.0000   4.9356742e-08
 7600.0000   4.9195423e-08
 7600.0000   4.9260565e-08
 7600.0000   4.9951065e-08
 7600.0000   4.8270413e-08
 7610.0000   4.7840820e-08
 7610.0000   4.7775890e-08
 7610.0000   4.7723947e-08
 7610.0000   4.7697975e-08
 7610.0000   4.7892764e-08
 7620.0000   4.8294565e-08
 7620.0000   4.7440261e-08
 7620.0000   4.8320453e-08
 7620.0000   4.7492037e-08
 7620.0000   4.7932133e-08
 7630.0000   4.7584546e-08
 7630.0000   4.6655573e-08
 7630.0000   4.7120059e-08
 7630.0000   4.7391010e-08
 7630.0000   4.7016840e-08
 7640.0000   4.6262102e-08
 7640.0000   4.5670489e-08
 7640.0000   4.6853715e-08
 7640.0000   4.6300685e-08
 7640.0000   4.5696211e-08
 7650.0000   4.5653548e-08
 7650.0000   4.6294563e-08
 7650.0000   4.5679189e-08
 7650.0000   4.5884314e-08
 7650.0000   4.5589447e-08
 7660.0000   4.5943785e-08
 7660.0000   4.5547613e-08
 7660.0000   4.5151440e-08
 7660.0000   4.5266458e-08
 7670.0000   4.5098730e-08
 7670.0000   4.3913946e-08
 7670.0000   4.5047772e-08
 7670.0000   4.4716542e-08
 7670.0000   4.3786550e-08
 7680.0000   4.3979921e-08
 7680.0000   4.4437114e-08
 7680.0000   4.4297416e-08
 7680.0000   4.3357631e-08
 7680.0000   4.3446529e-08
 7690.0000   4.3260891e-08
 7690.0000   4.2615213e-08
 7690.0000   4.3387494e-08
 7690.0000   4.3134287e-08
 7690.0000   4.3653361e-08
 7700.0000   4.2243742e-08
 7700.0000   4.2534030e-08
 7700.0000   4.2268985e-08
 7700.0000   4.2092288e-08
 7700.0000   4.2849561e-08
 7710.0000   4.1950387e-08
 7710.0000   4.1786815e-08
 7710.0000   4.2453685e-08
 7710.0000   4.1145110e-08
 7710.0000   4.1547749e-08
 7720.0000   4.1997849e-08
 7720.0000   4.1822233e-08
 7720.0000   4.1195032e-08
 7720.0000   4.1420824e-08
 7730.0000   4.0932332e-08
 7730.0000   4.0156966e-08
 7730.0000   4.1082403e-08
 7730.0000   4.0732238e-08
 7730.0000   3.9981884e-08
 7740.0000   4.0584273e-08
 7740.0000   3.9960867e-08
 7740.0000   3.9960867e-08
 7740.0000   4.0185293e-08
 7740.0000   4.0496996e-08
 7750.0000   3.9679254e-08
 7750.0000   3.9691684e-08
 7750.0000   3.9853283e-08
 7750.0000   3.8858828e-08
 7750.0000   3.9791130e-08
 7760.0000   3.9895388e-08
 7760.0000   3.9461613e-08
 7760.0000   3.8333799e-08
 7760.0000   3.8829541e-08
 7760.0000   3.8680818e-08
 7770.0000   3.7923413e-08
 7770.0000   3.7898699e-08
 7770.0000   3.9159089e-08
 7770.0000   3.8022267e-08
 7770.0000   3.8084051e-08
 7780.0000   3.8008573e-08
 7780.0000   3.7367918e-08
 7780.0000   3.8218018e-08
 7780.0000   3.7910011e-08
 7790.0000   3.7577610e-08
 7790.0000   3.7282791e-08
 7790.0000   3.7528474e-08
 7790.0000   3.7295075e-08
 7790.0000   3.8118111e-08
 7800.0000   3.6965750e-08
 7800.0000   3.7026991e-08
 7800.0000   3.6977998e-08
 7800.0000   3.6892260e-08
 7800.0000   3.6194109e-08
 7810.0000   3.6760769e-08
 7810.0000   3.6113495e-08
 7810.0000   3.6015793e-08
 7810.0000   3.6565365e-08
 7810.0000   3.5429583e-08
 7820.0000   3.5802271e-08
 7820.0000   3.6057998e-08
 7820.0000   3.5254285e-08
 7820.0000   3.5461302e-08
 7820.0000   3.5534367e-08
 7830.0000   3.5565987e-08
 7830.0000   3.5711697e-08
 7830.0000   3.4521728e-08
 7830.0000   3.5614557e-08
 7830.0000   3.5565987e-08
 7840.0000   3.5343454e-08
 7840.0000   3.5634044e-08
 7840.0000   3.5355562e-08
 7840.0000   3.4483793e-08
 7840.0000   3.4556440e-08
 7850.0000   3.4434285e-08
 7850.0000   3.4736124e-08
 7850.0000   3.4035858e-08
 7850.0000   3.4289402e-08
 7850.0000   3.3939269e-08
 7860.0000   3.4421462e-08
 7860.0000   3.4505739e-08
 7860.0000   3.3988039e-08
 7860.0000   3.3036918e-08
 7870.0000   3.3268450e-08
 7870.0000   3.3904756e-08
 7870.0000   3.3148393e-08
 7870.0000   3.3292462e-08
 7870.0000   3.2920283e-08
 7880.0000   3.3379245e-08
 7880.0000   3.3534885e-08
 7880.0000   3.3331356e-08
 7880.0000   3.2601046e-08
 7880.0000   3.2960215e-08
 7890.0000   3.2761418e-08
 7890.0000   3.2188340e-08
 7890.0000   3.2128645e-08
 7890.0000   3.2439062e-08
 7890.0000   3.2188340e-08
 7900.0000   3.2373494e-08
 7900.0000   3.2266338e-08
 7900.0000   3.2694962e-08
 7900.0000   3.1671027e-08
 7900.0000   3.2337775e-08
 7910.0000   3.1453658e-08
 7910.0000   3.1869234e-08
 7910.0000   3.1691130e-08
 7910.0000   3.1513026e-08
 7910.0000   3.0859977e-08
 7920.0000   3.1367994e-08
 7920.0000   3.1403518e-08
 7920.0000   3.1024597e-08
 7920.0000   3.1664026e-08
 7920.0000   3.1735073e-08
 7930.0000   3.1176776e-08
 7930.0000   3.0763454e-08
 7930.0000   3.1011447e-08
 7930.0000   3.0857928e-08
 7930.0000   3.0574507e-08
 7940.0000   3.0621754e-08
 7940.0000   3.0633531e-08
 7940.0000   3.0562867e-08
 7940.0000   3.0480425e-08
 7950.0000   3.0986146e-08
 7950.0000   3.0563293e-08
 7950.0000   2.9776318e-08
 7950.0000   3.0058220e-08
 7950.0000   2.9823302e-08
 7960.0000   2.9779096e-08
 7960.0000   3.0540548e-08
 7960.0000   2.9743952e-08
 7960.0000   2.9568233e-08
 7960.0000   2.9568233e-08
 7970.0000   2.9992419e-08
 7970.0000   2.8847420e-08
 7970.0000   2.9700327e-08
 7970.0000   2.8800685e-08
 7970.0000   2.8870787e-08
 7980.0000   2.9482391e-08
 7980.0000   2.9330902e-08
 7980.0000   2.9575614e-08
 7980.0000   2.9377514e-08
 7980.0000   2.9505696e-08
 7990.0000   2.9196112e-08
 7990.0000   2.8545254e-08
 7990.0000   2.8975285e-08
 7990.0000   2.8789326e-08
 7990.0000   2.8754458e-08
 8000.0000   2.8540621e-08
 8000.0000   2.8691320e-08
 8000.0000   2.8552213e-08
 8000.0000   2.8424698e-08
 8000.0000   2.8227630e-08
 8010.0000   2.7877204e-08
 8010.0000   2.8547819e-08
 8010.0000   2.7622833e-08
 8010.0000   2.7611271e-08
 8010.0000   2.7992827e-08
 8020.0000   2.7586484e-08
 8020.0000   2.7667212e-08
 8020.0000   2.7897865e-08
 8020.0000   2.7955528e-08
 8020.0000   2.7528821e-08
 8030.0000   2.7447029e-08
 8030.0000   2.7504544e-08
 8030.0000   2.6986902e-08
 8030.0000   2.7677092e-08
 8030.0000   2.7700098e-08
 8040.0000   2.7813373e-08
 8040.0000   2.6597132e-08
 8040.0000   2.7216726e-08
 8040.0000   2.7056091e-08
 8050.0000   2.7239613e-08
 8050.0000   2.7182388e-08
 8050.0000   2.6884817e-08
 8050.0000   2.6861927e-08
 8050.0000   2.7479959e-08
 8060.0000   2.6383563e-08
 8060.0000   2.6714636e-08
 8060.0000   2.6292233e-08
 8060.0000   2.6680387e-08
 8060.0000   2.6018241e-08
 8070.0000   2.6272227e-08
 8070.0000   2.5953367e-08
 8070.0000   2.6465821e-08
 8070.0000   2.5998919e-08
 8070.0000   2.6169737e-08
 8080.0000   2.6025356e-08
 8080.0000   2.5661848e-08
 8080.0000   2.5957198e-08
 8080.0000   2.6082154e-08
 8080.0000   2.6241188e-08
 8090.0000   2.6187866e-08
 8090.0000   2.5609953e-08
 8090.0000   2.5825254e-08
 8090.0000   2.5904576e-08
 8090.0000   2.5485305e-08
 8100.0000   2.5547231e-08
 8100.0000   2.5615054e-08
 8100.0000   2.5784612e-08
 8100.0000   2.5174203e-08
 8100.0000   2.5807220e-08
 8110.0000   2.5451207e-08
 8110.0000   2.5011428e-08
 8110.0000   2.5360996e-08
 8110.0000   2.4718243e-08
 8110.0000   2.4605479e-08
 8120.0000   2.4647177e-08
 8120.0000   2.4894657e-08
 8120.0000   2.5108389e-08
 8120.0000   2.4759668e-08
 8120.0000   2.4793415e-08
 8130.0000   2.4430781e-08
 8130.0000   2.4419559e-08
 8130.0000   2.4812330e-08
 8130.0000   2.3959456e-08
 8130.0000   2.4049232e-08
 8140.0000   2.4294000e-08
 8140.0000   2.3633484e-08
 8140.0000   2.4047706e-08
 8140.0000   2.4260415e-08
 8140.0000   2.4282805e-08
 8150.0000   2.4169251e-08
 8150.0000   2.3655496e-08
 8150.0000   2.3487967e-08
 8150.0000   2.3923542e-08
 8150.0000   2.3666665e-08
 8160.0000   2.4056444e-08
 8160.0000   2.3755605e-08
 8160.0000   2.3577330e-08
 8160.0000   2.3967306e-08
 8170.0000   2.3766521e-08
 8170.0000   2.3388576e-08
 8170.0000   2.3699825e-08
 8170.0000   2.3132907e-08
 8170.0000   2.4122234e-08
 8180.0000   2.3722142e-08
 8180.0000   2.2701854e-08
 8180.0000   2.3655602e-08
 8180.0000   2.3400530e-08
 8180.0000   2.3345079e-08
 8190.0000   2.3003251e-08
 8190.0000   2.3313053e-08
 8190.0000   2.3180281e-08
 8190.0000   2.2958994e-08
 8190.0000   2.3268796e-08
 8200.0000   2.3093718e-08
 8200.0000   2.2674242e-08
 8200.0000   2.3082679e-08
 8200.0000   2.2784630e-08
 8200.0000   2.2420348e-08
 8210.0000   2.2963700e-08
 8210.0000   2.2699374e-08
 8210.0000   2.2820523e-08
 8210.0000   2.2523157e-08
 8210.0000   2.2721401e-08
 8220.0000   2.2856452e-08
 8220.0000   2.2186156e-08
 8220.0000   2.2669648e-08
 8220.0000   2.2208133e-08
 8220.0000   2.2175167e-08
 8230.0000   2.2278457e-08
 8230.0000   2.2355202e-08
 8230.0000   2.1763168e-08
 8230.0000   2.1982440e-08
 8230.0000   2.2201711e-08
 8240.0000   2.2578375e-08
 8240.0000   2.2108002e-08
 8240.0000   2.2031429e-08
 8240.0000   2.2031429e-08
 8240.0000   2.1714200e-08
 8250.0000   2.1665642e-08
 8250.0000   2.1567412e-08
 8250.0000   2.1469182e-08
 8250.0000   2.1152663e-08
 8250.0000   2.0923459e-08
 8260.0000   2.0746274e-08
 8260.0000   2.1160102e-08
 8260.0000   2.0081971e-08
 8260.0000   2.0365117e-08
 8260.0000   2.0463129e-08
 8270.0000   2.0070212e-08
 8270.0000   1.9885487e-08
 8270.0000   1.9852889e-08
 8270.0000   1.9689896e-08
 8270.0000   1.9928952e-08
 8280.0000   1.9657514e-08
 8280.0000   1.8985292e-08
 8280.0000   1.9017819e-08
 8280.0000   1.9494880e-08
 8280.0000   1.9082873e-08
 8290.0000   1.8976327e-08
 8290.0000   1.9354980e-08
 8290.0000   1.8759955e-08
 8290.0000   1.8186567e-08
 8290.0000   1.7840370e-08
 8300.0000   1.8190315e-08
 8300.0000   1.7369881e-08
 8300.0000   1.7413061e-08
 8300.0000   1.7002844e-08
 8300.0000   1.7143182e-08
 8310.0000   1.7138557e-08
 8310.0000   1.6287576e-08
 8310.0000   1.6535330e-08
 8310.0000   1.5975190e-08
 8310.0000   1.6298347e-08
 8320.0000   1.5930231e-08
 8320.0000   1.5382040e-08
 8320.0000   1.5005830e-08
 8320.0000   1.4543629e-08
 8320.0000   1.5016579e-08
 8330.0000   1.4662842e-08
 8330.0000   1.4083639e-08
 8330.0000   1.4298159e-08
 8330.0000   1.3579518e-08
 8330.0000   1.3472258e-08
 8340.0000   1.3454470e-08
 8340.0000   1.2780162e-08
 8340.0000   1.2587503e-08
 8340.0000   1.2170074e-08
 8340.0000   1.2073745e-08
 8350.0000   1.2016327e-08
 8350.0000   1.1631818e-08
 8350.0000   1.1589095e-08
 8350.0000   1.1225948e-08
 8350.0000   1.0467611e-08
 8360.0000   1.0104678e-08
 8360.0000   1.0040727e-08
 8360.0000   9.9234833e-09
 8360.0000   9.5078021e-09
 8360.0000   9.3159492e-09
 8370.0000   9.0626145e-09
 8370.0000   9.0200690e-09
 8370.0000   8.6903415e-09
 8370.0000   8.2755230e-09
 8370.0000   8.4244322e-09
 8380.0000   8.2372268e-09
 8380.0000   7.9612514e-09
 8380.0000   7.4942163e-09
 8380.0000   7.1014821e-09
 8380.0000   7.1333254e-09
 8390.0000   6.6949991e-09
 8390.0000   6.4195893e-09
