 3.9338000e+03,   1.4200000e+00
 3.9362000e+03,   1.4200000e+00
 3.9385000e+03,  -8.5800000e+00
 3.9409000e+03,  -7.5800000e+00
 3.9432000e+03,  -6.5800000e+00
 3.9455000e+03,   3.4200000e+00
 3.9479000e+03,   8.4200000e+00
 3.9502000e+03,   1.2420000e+01
 3.9525000e+03,   1.0420000e+01
 3.9549000e+03,   1.1420000e+01
 3.9572000e+03,  -3.5800000e+00
 3.9595000e+03,   2.5420000e+01
 3.9619000e+03,  -1.3580000e+01
 3.9642000e+03,  -5.8000000e-01
 3.9665000e+03,   4.4200000e+00
 3.9689000e+03,  -1.1580000e+01
 3.9712000e+03,   1.5420000e+01
 3.9735000e+03,   5.4200000e+00
 3.9759000e+03,  -1.4580000e+01
 3.9782000e+03,  -1.5580000e+01
 3.9805000e+03,   5.4200000e+00
 3.9829000e+03,   1.3420000e+01
 3.9852000e+03,   5.4200000e+00
 3.9875000e+03,  -6.5800000e+00
 3.9899000e+03,   1.5420000e+01
 3.9922000e+03,   2.9420000e+01
 3.9945000e+03,   3.3420000e+01
 3.9969000e+03,   3.8420000e+01
 3.9992000e+03,   2.6420000e+01
 4.0015000e+03,   1.7420000e+01
 4.0038000e+03,   4.7420000e+01
 4.0062000e+03,   9.4200000e+00
 4.0085000e+03,   2.4420000e+01
 4.0108000e+03,   5.6420000e+01
 4.0132000e+03,   3.1420000e+01
 4.0155000e+03,   2.6420000e+01
 4.0178000e+03,   4.0420000e+01
 4.0202000e+03,   2.3420000e+01
 4.0225000e+03,   3.3420000e+01
 4.0248000e+03,   4.2420000e+01
 4.0271000e+03,   2.8420000e+01
 4.0295000e+03,   3.4420000e+01
 4.0318000e+03,   2.6420000e+01
 4.0341000e+03,   3.1420000e+01
 4.0365000e+03,   2.4420000e+01
 4.0388000e+03,   2.4420000e+01
 4.0411000e+03,   4.6420000e+01
 4.0435000e+03,   2.7420000e+01
 4.0458000e+03,   5.5420000e+01
 4.0481000e+03,   4.3420000e+01
 4.0504000e+03,   1.4420000e+01
 4.0528000e+03,   3.8420000e+01
 4.0551000e+03,   5.9420000e+01
 4.0574000e+03,   2.4420000e+01
 4.0598000e+03,   3.0420000e+01
 4.0621000e+03,   3.8420000e+01
 4.0644000e+03,   3.2420000e+01
 4.0667000e+03,   5.4420000e+01
 4.0691000e+03,   3.9420000e+01
 4.0714000e+03,   3.8420000e+01
 4.0737000e+03,   4.3420000e+01
 4.0760000e+03,   2.4420000e+01
 4.0784000e+03,   4.4420000e+01
 4.0807000e+03,   2.8420000e+01
 4.0830000e+03,   3.5420000e+01
 4.0854000e+03,   4.0420000e+01
 4.0877000e+03,   1.0420000e+01
 4.0900000e+03,   3.6420000e+01
 4.0923000e+03,   6.4420000e+01
 4.0947000e+03,   2.3420000e+01
 4.0970000e+03,   4.3420000e+01
 4.0993000e+03,   5.1420000e+01
 4.1016000e+03,   4.9420000e+01
 4.1040000e+03,   4.7420000e+01
 4.1063000e+03,   2.4420000e+01
 4.1086000e+03,   3.2420000e+01
 4.1109000e+03,   5.7420000e+01
 4.1133000e+03,   5.1420000e+01
 4.1156000e+03,   4.6420000e+01
 4.1179000e+03,   4.8420000e+01
 4.1202000e+03,   4.7420000e+01
 4.1226000e+03,   3.8420000e+01
 4.1249000e+03,   4.2420000e+01
 4.1272000e+03,   5.0420000e+01
 4.1295000e+03,   4.9420000e+01
 4.1319000e+03,   4.2420000e+01
 4.1342000e+03,   5.2420000e+01
 4.1365000e+03,   5.6420000e+01
 4.1388000e+03,   4.4420000e+01
 4.1411000e+03,   5.4420000e+01
 4.1435000e+03,   6.1420000e+01
 4.1458000e+03,   3.6420000e+01
 4.1481000e+03,   3.9420000e+01
 4.1504000e+03,   5.8420000e+01
 4.1528000e+03,   3.9420000e+01
 4.1551000e+03,   6.2420000e+01
 4.1574000e+03,   4.9420000e+01
 4.1597000e+03,   4.5420000e+01
 4.1620000e+03,   5.8420000e+01
 4.1644000e+03,   4.3420000e+01
 4.1667000e+03,   5.2420000e+01
 4.1690000e+03,   4.7420000e+01
 4.1713000e+03,   3.1420000e+01
 4.1737000e+03,   4.7420000e+01
 4.1760000e+03,   5.1420000e+01
 4.1783000e+03,   5.6420000e+01
 4.1806000e+03,   7.2420000e+01
 4.1829000e+03,   4.4420000e+01
 4.1853000e+03,   4.5420000e+01
 4.1876000e+03,   7.1420000e+01
 4.1899000e+03,   6.8420000e+01
 4.1922000e+03,   5.9420000e+01
 4.1945000e+03,   7.6420000e+01
 4.1969000e+03,   7.5420000e+01
 4.1992000e+03,   7.3420000e+01
 4.2015000e+03,   6.3420000e+01
 4.2038000e+03,   7.0420000e+01
 4.2061000e+03,   7.6420000e+01
 4.2085000e+03,   5.8420000e+01
 4.2108000e+03,   5.9420000e+01
 4.2131000e+03,   6.6420000e+01
 4.2154000e+03,   6.0420000e+01
 4.2177000e+03,   6.7420000e+01
 4.2200000e+03,   5.2420000e+01
 4.2224000e+03,   6.0420000e+01
 4.2247000e+03,   8.2420000e+01
 4.2270000e+03,   6.1420000e+01
 4.2293000e+03,   7.6420000e+01
 4.2316000e+03,   8.7420000e+01
 4.2340000e+03,   6.6420000e+01
 4.2363000e+03,   5.8420000e+01
 4.2386000e+03,   5.8420000e+01
 4.2409000e+03,   4.8420000e+01
 4.2432000e+03,   6.3420000e+01
 4.2455000e+03,   8.5420000e+01
 4.2479000e+03,   6.7420000e+01
 4.2502000e+03,   7.5420000e+01
 4.2525000e+03,   6.9420000e+01
 4.2548000e+03,   7.1420000e+01
 4.2571000e+03,   8.4420000e+01
 4.2594000e+03,   7.8420000e+01
 4.2618000e+03,   7.2420000e+01
 4.2641000e+03,   6.1420000e+01
 4.2664000e+03,   6.0420000e+01
 4.2687000e+03,   9.7420000e+01
 4.2710000e+03,   7.4420000e+01
 4.2733000e+03,   7.8420000e+01
 4.2756000e+03,   8.6420000e+01
 4.2780000e+03,   6.3420000e+01
 4.2803000e+03,   9.0420000e+01
 4.2826000e+03,   9.0420000e+01
 4.2849000e+03,   5.5420000e+01
 4.2872000e+03,   9.0420000e+01
 4.2895000e+03,   8.4420000e+01
 4.2918000e+03,   8.8420000e+01
 4.2942000e+03,   1.0942000e+02
 4.2965000e+03,   6.6420000e+01
 4.2988000e+03,   9.1420000e+01
 4.3011000e+03,   1.0542000e+02
 4.3034000e+03,   8.4420000e+01
 4.3057000e+03,   7.8420000e+01
 4.3080000e+03,   7.5420000e+01
 4.3104000e+03,   8.5420000e+01
 4.3127000e+03,   8.6420000e+01
 4.3150000e+03,   7.5420000e+01
 4.3173000e+03,   7.8420000e+01
 4.3196000e+03,   8.5420000e+01
 4.3219000e+03,   8.1420000e+01
 4.3242000e+03,   9.9420000e+01
 4.3265000e+03,   1.1942000e+02
 4.3289000e+03,   8.3420000e+01
 4.3312000e+03,   8.2420000e+01
 4.3335000e+03,   8.2420000e+01
 4.3358000e+03,   6.4420000e+01
 4.3381000e+03,   9.6420000e+01
 4.3404000e+03,   9.1420000e+01
 4.3427000e+03,   1.0342000e+02
 4.3450000e+03,   9.5420000e+01
 4.3473000e+03,   9.0420000e+01
 4.3497000e+03,   1.0242000e+02
 4.3520000e+03,   7.7420000e+01
 4.3543000e+03,   8.6420000e+01
 4.3566000e+03,   1.0042000e+02
 4.3589000e+03,   8.9420000e+01
 4.3612000e+03,   8.4420000e+01
 4.3635000e+03,   1.0842000e+02
 4.3658000e+03,   7.3420000e+01
 4.3681000e+03,   9.1420000e+01
 4.3704000e+03,   9.9420000e+01
 4.3728000e+03,   8.4420000e+01
 4.3751000e+03,   9.6420000e+01
 4.3774000e+03,   1.1042000e+02
 4.3797000e+03,   9.3420000e+01
 4.3820000e+03,   9.0420000e+01
 4.3843000e+03,   8.6420000e+01
 4.3866000e+03,   1.1142000e+02
 4.3889000e+03,   1.0742000e+02
 4.3912000e+03,   9.7420000e+01
 4.3935000e+03,   1.0742000e+02
 4.3958000e+03,   1.0242000e+02
 4.3981000e+03,   1.0142000e+02
 4.4004000e+03,   1.0442000e+02
 4.4028000e+03,   7.8420000e+01
 4.4051000e+03,   8.7420000e+01
 4.4074000e+03,   1.1242000e+02
 4.4097000e+03,   8.3420000e+01
 4.4120000e+03,   1.0142000e+02
 4.4143000e+03,   1.0442000e+02
 4.4166000e+03,   1.0842000e+02
 4.4189000e+03,   1.1642000e+02
 4.4212000e+03,   1.3442000e+02
 4.4235000e+03,   1.1542000e+02
 4.4258000e+03,   1.1642000e+02
 4.4281000e+03,   9.6420000e+01
 4.4304000e+03,   9.7420000e+01
 4.4327000e+03,   1.1642000e+02
 4.4350000e+03,   1.1542000e+02
 4.4373000e+03,   1.1642000e+02
 4.4397000e+03,   1.1142000e+02
 4.4420000e+03,   1.0642000e+02
 4.4443000e+03,   1.2742000e+02
 4.4466000e+03,   1.0042000e+02
 4.4489000e+03,   1.0742000e+02
 4.4512000e+03,   1.2142000e+02
 4.4535000e+03,   1.2342000e+02
 4.4558000e+03,   1.2642000e+02
 4.4581000e+03,   1.4042000e+02
 4.4604000e+03,   1.1842000e+02
 4.4627000e+03,   1.2942000e+02
 4.4650000e+03,   1.1842000e+02
 4.4673000e+03,   1.2742000e+02
 4.4696000e+03,   1.1342000e+02
 4.4719000e+03,   1.0742000e+02
 4.4742000e+03,   1.4342000e+02
 4.4765000e+03,   1.2642000e+02
 4.4788000e+03,   1.3942000e+02
 4.4811000e+03,   1.3742000e+02
 4.4834000e+03,   1.3842000e+02
 4.4857000e+03,   1.3842000e+02
 4.4880000e+03,   1.5042000e+02
 4.4903000e+03,   1.3842000e+02
 4.4926000e+03,   1.2842000e+02
 4.4949000e+03,   1.3342000e+02
 4.4972000e+03,   1.2442000e+02
 4.4995000e+03,   1.3042000e+02
 4.5018000e+03,   1.4742000e+02
 4.5041000e+03,   1.2242000e+02
 4.5064000e+03,   1.2842000e+02
 4.5087000e+03,   1.4242000e+02
 4.5110000e+03,   1.3442000e+02
 4.5133000e+03,   1.6442000e+02
 4.5156000e+03,   1.4742000e+02
 4.5179000e+03,   1.5042000e+02
 4.5202000e+03,   1.6042000e+02
 4.5225000e+03,   1.6142000e+02
 4.5248000e+03,   1.7442000e+02
 4.5271000e+03,   1.4042000e+02
 4.5294000e+03,   1.6442000e+02
 4.5317000e+03,   1.6642000e+02
 4.5340000e+03,   1.3342000e+02
 4.5363000e+03,   1.5542000e+02
 4.5386000e+03,   1.8642000e+02
 4.5409000e+03,   1.4542000e+02
 4.5432000e+03,   1.5742000e+02
 4.5455000e+03,   1.7642000e+02
 4.5478000e+03,   1.6042000e+02
 4.5501000e+03,   1.6642000e+02
 4.5524000e+03,   1.6242000e+02
 4.5547000e+03,   1.6042000e+02
 4.5570000e+03,   1.6142000e+02
 4.5593000e+03,   1.5442000e+02
 4.5616000e+03,   1.6242000e+02
 4.5639000e+03,   1.6242000e+02
 4.5662000e+03,   1.7142000e+02
 4.5685000e+03,   1.7242000e+02
 4.5708000e+03,   1.6142000e+02
 4.5731000e+03,   1.9742000e+02
 4.5754000e+03,   1.9042000e+02
 4.5777000e+03,   1.6442000e+02
 4.5800000e+03,   1.6442000e+02
 4.5823000e+03,   1.8442000e+02
 4.5846000e+03,   1.8342000e+02
 4.5869000e+03,   1.9742000e+02
 4.5892000e+03,   1.9042000e+02
 4.5915000e+03,   1.8642000e+02
 4.5938000e+03,   1.8742000e+02
 4.5961000e+03,   1.8242000e+02
 4.5984000e+03,   1.7942000e+02
 4.6006000e+03,   1.8542000e+02
 4.6029000e+03,   1.7342000e+02
 4.6052000e+03,   1.7742000e+02
 4.6075000e+03,   1.9342000e+02
 4.6098000e+03,   2.0442000e+02
 4.6121000e+03,   1.9842000e+02
 4.6144000e+03,   1.7842000e+02
 4.6167000e+03,   1.7742000e+02
 4.6190000e+03,   2.1742000e+02
 4.6213000e+03,   1.8842000e+02
 4.6236000e+03,   1.9942000e+02
 4.6259000e+03,   1.9842000e+02
 4.6282000e+03,   1.9442000e+02
 4.6305000e+03,   1.9742000e+02
 4.6328000e+03,   2.2742000e+02
 4.6351000e+03,   1.9342000e+02
 4.6373000e+03,   2.0642000e+02
 4.6396000e+03,   2.0042000e+02
 4.6419000e+03,   2.0642000e+02
 4.6442000e+03,   2.0142000e+02
 4.6465000e+03,   2.1842000e+02
 4.6488000e+03,   2.0242000e+02
 4.6511000e+03,   2.1942000e+02
 4.6534000e+03,   2.2842000e+02
 4.6557000e+03,   2.2942000e+02
 4.6580000e+03,   2.3342000e+02
 4.6603000e+03,   1.9842000e+02
 4.6626000e+03,   2.4942000e+02
 4.6648000e+03,   2.4042000e+02
 4.6671000e+03,   2.2242000e+02
 4.6694000e+03,   2.2142000e+02
 4.6717000e+03,   2.2042000e+02
 4.6740000e+03,   2.2742000e+02
 4.6763000e+03,   2.3542000e+02
 4.6786000e+03,   2.3642000e+02
 4.6809000e+03,   2.3342000e+02
 4.6832000e+03,   2.4742000e+02
 4.6855000e+03,   2.4842000e+02
 4.6877000e+03,   2.5142000e+02
 4.6900000e+03,   2.5142000e+02
 4.6923000e+03,   2.7642000e+02
 4.6946000e+03,   2.4242000e+02
 4.6969000e+03,   2.5842000e+02
 4.6992000e+03,   2.7642000e+02
 4.7015000e+03,   2.4942000e+02
 4.7038000e+03,   2.5742000e+02
 4.7061000e+03,   2.9642000e+02
 4.7083000e+03,   2.7442000e+02
 4.7106000e+03,   2.7542000e+02
 4.7129000e+03,   2.9242000e+02
 4.7152000e+03,   2.8742000e+02
 4.7175000e+03,   2.6842000e+02
 4.7198000e+03,   2.8542000e+02
 4.7221000e+03,   2.8642000e+02
 4.7244000e+03,   3.0442000e+02
 4.7266000e+03,   2.8842000e+02
 4.7289000e+03,   2.7842000e+02
 4.7312000e+03,   2.9942000e+02
 4.7335000e+03,   3.1542000e+02
 4.7358000e+03,   3.1242000e+02
 4.7381000e+03,   3.0842000e+02
 4.7404000e+03,   3.3842000e+02
 4.7427000e+03,   3.2042000e+02
 4.7449000e+03,   3.0742000e+02
 4.7472000e+03,   3.3342000e+02
 4.7495000e+03,   3.3542000e+02
 4.7518000e+03,   3.0942000e+02
 4.7541000e+03,   3.1442000e+02
 4.7564000e+03,   3.5542000e+02
 4.7587000e+03,   3.5342000e+02
 4.7609000e+03,   3.7442000e+02
 4.7632000e+03,   3.5142000e+02
 4.7655000e+03,   3.6042000e+02
 4.7678000e+03,   3.7742000e+02
 4.7701000e+03,   3.4742000e+02
 4.7724000e+03,   3.7042000e+02
 4.7746000e+03,   3.8342000e+02
 4.7769000e+03,   3.9142000e+02
 4.7792000e+03,   3.7942000e+02
 4.7815000e+03,   3.8142000e+02
 4.7838000e+03,   3.8642000e+02
 4.7861000e+03,   3.9842000e+02
 4.7883000e+03,   3.8842000e+02
 4.7906000e+03,   4.1342000e+02
 4.7929000e+03,   4.0342000e+02
 4.7952000e+03,   3.8742000e+02
 4.7975000e+03,   4.2942000e+02
 4.7998000e+03,   4.5242000e+02
 4.8020000e+03,   4.0342000e+02
 4.8043000e+03,   4.2742000e+02
 4.8066000e+03,   4.3442000e+02
 4.8089000e+03,   4.3442000e+02
 4.8112000e+03,   4.3842000e+02
 4.8134000e+03,   4.3942000e+02
 4.8157000e+03,   4.5742000e+02
 4.8180000e+03,   4.5442000e+02
 4.8203000e+03,   4.5642000e+02
 4.8226000e+03,   4.5842000e+02
 4.8249000e+03,   4.8342000e+02
 4.8271000e+03,   4.8342000e+02
 4.8294000e+03,   4.9142000e+02
 4.8317000e+03,   4.6742000e+02
 4.8340000e+03,   4.6742000e+02
 4.8363000e+03,   5.0142000e+02
 4.8385000e+03,   5.0842000e+02
 4.8408000e+03,   5.0142000e+02
 4.8431000e+03,   5.4742000e+02
 4.8454000e+03,   5.1242000e+02
 4.8477000e+03,   5.1242000e+02
 4.8499000e+03,   5.4842000e+02
 4.8522000e+03,   5.3942000e+02
 4.8545000e+03,   5.2842000e+02
 4.8568000e+03,   5.3442000e+02
 4.8590000e+03,   5.3442000e+02
 4.8613000e+03,   5.5542000e+02
 4.8636000e+03,   5.5942000e+02
 4.8659000e+03,   5.7042000e+02
 4.8682000e+03,   5.6842000e+02
 4.8704000e+03,   5.5442000e+02
 4.8727000e+03,   5.6442000e+02
 4.8750000e+03,   5.6842000e+02
 4.8773000e+03,   5.8342000e+02
 4.8795000e+03,   6.0342000e+02
 4.8818000e+03,   5.8842000e+02
 4.8841000e+03,   5.6942000e+02
 4.8864000e+03,   5.8242000e+02
 4.8887000e+03,   6.0842000e+02
 4.8909000e+03,   5.9742000e+02
 4.8932000e+03,   5.7942000e+02
 4.8955000e+03,   5.7642000e+02
 4.8978000e+03,   5.8842000e+02
 4.9000000e+03,   6.3342000e+02
 4.9023000e+03,   6.2542000e+02
 4.9046000e+03,   6.0742000e+02
 4.9069000e+03,   5.8842000e+02
 4.9091000e+03,   6.2842000e+02
 4.9114000e+03,   5.9842000e+02
 4.9137000e+03,   5.9542000e+02
 4.9160000e+03,   5.9442000e+02
 4.9182000e+03,   6.1142000e+02
 4.9205000e+03,   6.2542000e+02
 4.9228000e+03,   6.3642000e+02
 4.9251000e+03,   6.3042000e+02
 4.9273000e+03,   6.1742000e+02
 4.9296000e+03,   6.3542000e+02
 4.9319000e+03,   6.5642000e+02
 4.9342000e+03,   6.3842000e+02
 4.9364000e+03,   6.6742000e+02
 4.9387000e+03,   6.3442000e+02
 4.9410000e+03,   6.7042000e+02
 4.9433000e+03,   6.5542000e+02
 4.9455000e+03,   6.7742000e+02
 4.9478000e+03,   6.6342000e+02
 4.9501000e+03,   6.8742000e+02
 4.9523000e+03,   7.0142000e+02
 4.9546000e+03,   6.7942000e+02
 4.9569000e+03,   6.7442000e+02
 4.9592000e+03,   7.0342000e+02
 4.9614000e+03,   7.0542000e+02
 4.9637000e+03,   7.0742000e+02
 4.9660000e+03,   6.9342000e+02
 4.9682000e+03,   6.8142000e+02
 4.9705000e+03,   6.8842000e+02
 4.9728000e+03,   6.9342000e+02
 4.9751000e+03,   7.2042000e+02
 4.9773000e+03,   6.8842000e+02
 4.9796000e+03,   6.7742000e+02
 4.9819000e+03,   6.9942000e+02
 4.9841000e+03,   7.2642000e+02
 4.9864000e+03,   6.9642000e+02
 4.9887000e+03,   7.1542000e+02
 4.9910000e+03,   7.2542000e+02
 4.9932000e+03,   7.2742000e+02
 4.9955000e+03,   7.5342000e+02
 4.9978000e+03,   7.4842000e+02
 5.0000000e+03,   7.1742000e+02
 5.0023000e+03,   7.8142000e+02
 5.0046000e+03,   7.2842000e+02
 5.0068000e+03,   7.2542000e+02
 5.0091000e+03,   7.6942000e+02
 5.0114000e+03,   7.5542000e+02
 5.0136000e+03,   7.8242000e+02
 5.0159000e+03,   7.7442000e+02
 5.0182000e+03,   7.5842000e+02
 5.0204000e+03,   7.7142000e+02
 5.0227000e+03,   7.9242000e+02
 5.0250000e+03,   7.8042000e+02
 5.0273000e+03,   7.8842000e+02
 5.0295000e+03,   8.0442000e+02
 5.0318000e+03,   8.0042000e+02
 5.0341000e+03,   8.0242000e+02
 5.0363000e+03,   8.0542000e+02
 5.0386000e+03,   7.9942000e+02
 5.0409000e+03,   8.2242000e+02
 5.0431000e+03,   7.9942000e+02
 5.0454000e+03,   8.1142000e+02
 5.0477000e+03,   8.1042000e+02
 5.0499000e+03,   8.1442000e+02
 5.0522000e+03,   8.3142000e+02
 5.0545000e+03,   8.2342000e+02
 5.0567000e+03,   8.3642000e+02
 5.0590000e+03,   8.3142000e+02
 5.0613000e+03,   8.2442000e+02
 5.0635000e+03,   8.3042000e+02
 5.0658000e+03,   8.5942000e+02
 5.0680000e+03,   8.1442000e+02
 5.0703000e+03,   8.8142000e+02
 5.0726000e+03,   8.4442000e+02
 5.0748000e+03,   8.5042000e+02
 5.0771000e+03,   8.6842000e+02
 5.0794000e+03,   8.8642000e+02
 5.0816000e+03,   8.5842000e+02
 5.0839000e+03,   8.7342000e+02
 5.0862000e+03,   8.7442000e+02
 5.0884000e+03,   8.7642000e+02
 5.0907000e+03,   8.8242000e+02
 5.0930000e+03,   8.7242000e+02
 5.0952000e+03,   9.0242000e+02
 5.0975000e+03,   8.8042000e+02
 5.0997000e+03,   9.1442000e+02
 5.1020000e+03,   9.2042000e+02
 5.1043000e+03,   9.0442000e+02
 5.1065000e+03,   9.0342000e+02
 5.1088000e+03,   9.4642000e+02
 5.1111000e+03,   9.4842000e+02
 5.1133000e+03,   9.3242000e+02
 5.1156000e+03,   9.6242000e+02
 5.1178000e+03,   9.5342000e+02
 5.1201000e+03,   9.7742000e+02
 5.1224000e+03,   9.6742000e+02
 5.1246000e+03,   9.8242000e+02
 5.1269000e+03,   9.3542000e+02
 5.1291000e+03,   9.5442000e+02
 5.1314000e+03,   9.7542000e+02
 5.1337000e+03,   9.6542000e+02
 5.1359000e+03,   9.6942000e+02
 5.1382000e+03,   9.8842000e+02
 5.1404000e+03,   1.0094200e+03
 5.1427000e+03,   9.8642000e+02
 5.1450000e+03,   1.0054200e+03
 5.1472000e+03,   1.0094200e+03
 5.1495000e+03,   1.0194200e+03
 5.1517000e+03,   1.0384200e+03
 5.1540000e+03,   1.0394200e+03
 5.1563000e+03,   1.0014200e+03
 5.1585000e+03,   1.0274200e+03
 5.1608000e+03,   1.0424200e+03
 5.1630000e+03,   1.0344200e+03
 5.1653000e+03,   1.0494200e+03
 5.1676000e+03,   1.0484200e+03
 5.1698000e+03,   1.0324200e+03
 5.1721000e+03,   1.0784200e+03
 5.1743000e+03,   1.0854200e+03
 5.1766000e+03,   1.1054200e+03
 5.1788000e+03,   1.0644200e+03
 5.1811000e+03,   1.0834200e+03
 5.1834000e+03,   1.1214200e+03
 5.1856000e+03,   1.0514200e+03
 5.1879000e+03,   1.0834200e+03
 5.1901000e+03,   1.0764200e+03
 5.1924000e+03,   1.0994200e+03
 5.1946000e+03,   1.1054200e+03
 5.1969000e+03,   1.1304200e+03
 5.1992000e+03,   1.1104200e+03
 5.2014000e+03,   1.1474200e+03
 5.2037000e+03,   1.1744200e+03
 5.2059000e+03,   1.1334200e+03
 5.2082000e+03,   1.1724200e+03
 5.2104000e+03,   1.1394200e+03
 5.2127000e+03,   1.1634200e+03
 5.2150000e+03,   1.1704200e+03
 5.2172000e+03,   1.1604200e+03
 5.2195000e+03,   1.1434200e+03
 5.2217000e+03,   1.1504200e+03
 5.2240000e+03,   1.1944200e+03
 5.2262000e+03,   1.1744200e+03
 5.2285000e+03,   1.1934200e+03
 5.2307000e+03,   1.2384200e+03
 5.2330000e+03,   1.1854200e+03
 5.2352000e+03,   1.1814200e+03
 5.2375000e+03,   1.2244200e+03
 5.2398000e+03,   1.2044200e+03
 5.2420000e+03,   1.2424200e+03
 5.2443000e+03,   1.2374200e+03
 5.2465000e+03,   1.2224200e+03
 5.2488000e+03,   1.2334200e+03
 5.2510000e+03,   1.2234200e+03
 5.2533000e+03,   1.2514200e+03
 5.2555000e+03,   1.2544200e+03
 5.2578000e+03,   1.2564200e+03
 5.2600000e+03,   1.2244200e+03
 5.2623000e+03,   1.2374200e+03
 5.2645000e+03,   1.2534200e+03
 5.2668000e+03,   1.2794200e+03
 5.2690000e+03,   1.2274200e+03
 5.2713000e+03,   1.2444200e+03
 5.2735000e+03,   1.2894200e+03
 5.2758000e+03,   1.2704200e+03
 5.2780000e+03,   1.2684200e+03
 5.2803000e+03,   1.2994200e+03
 5.2825000e+03,   1.3194200e+03
 5.2848000e+03,   1.3074200e+03
 5.2870000e+03,   1.2644200e+03
 5.2893000e+03,   1.2914200e+03
 5.2915000e+03,   1.2874200e+03
 5.2938000e+03,   1.2854200e+03
 5.2960000e+03,   1.3204200e+03
 5.2983000e+03,   1.2764200e+03
 5.3005000e+03,   1.2864200e+03
 5.3028000e+03,   1.3024200e+03
 5.3050000e+03,   1.3284200e+03
 5.3073000e+03,   1.3334200e+03
 5.3095000e+03,   1.3304200e+03
 5.3118000e+03,   1.3314200e+03
 5.3140000e+03,   1.3324200e+03
 5.3163000e+03,   1.3594200e+03
 5.3185000e+03,   1.3434200e+03
 5.3208000e+03,   1.3754200e+03
 5.3230000e+03,   1.3504200e+03
 5.3253000e+03,   1.3464200e+03
 5.3275000e+03,   1.3524200e+03
 5.3298000e+03,   1.3474200e+03
 5.3320000e+03,   1.3624200e+03
 5.3343000e+03,   1.3934200e+03
 5.3365000e+03,   1.3874200e+03
 5.3388000e+03,   1.3634200e+03
 5.3410000e+03,   1.3794200e+03
 5.3433000e+03,   1.3674200e+03
 5.3455000e+03,   1.3854200e+03
 5.3477000e+03,   1.3774200e+03
 5.3500000e+03,   1.4044200e+03
 5.3522000e+03,   1.3934200e+03
 5.3545000e+03,   1.3444200e+03
 5.3567000e+03,   1.3924200e+03
 5.3590000e+03,   1.4474200e+03
 5.3612000e+03,   1.3944200e+03
 5.3635000e+03,   1.4484200e+03
 5.3657000e+03,   1.4214200e+03
 5.3680000e+03,   1.4224200e+03
 5.3702000e+03,   1.4624200e+03
 5.3724000e+03,   1.4464200e+03
 5.3747000e+03,   1.4094200e+03
 5.3769000e+03,   1.4484200e+03
 5.3792000e+03,   1.4284200e+03
 5.3814000e+03,   1.4514200e+03
 5.3837000e+03,   1.4424200e+03
 5.3859000e+03,   1.4234200e+03
 5.3882000e+03,   1.4154200e+03
 5.3904000e+03,   1.4684200e+03
 5.3926000e+03,   1.4444200e+03
 5.3949000e+03,   1.4504200e+03
 5.3971000e+03,   1.4404200e+03
 5.3994000e+03,   1.4604200e+03
 5.4016000e+03,   1.4904200e+03
 5.4039000e+03,   1.4994200e+03
 5.4061000e+03,   1.5004200e+03
 5.4083000e+03,   1.4974200e+03
 5.4106000e+03,   1.4714200e+03
 5.4128000e+03,   1.4624200e+03
 5.4151000e+03,   1.4954200e+03
 5.4173000e+03,   1.4604200e+03
 5.4196000e+03,   1.4984200e+03
 5.4218000e+03,   1.4914200e+03
 5.4240000e+03,   1.5064200e+03
 5.4263000e+03,   1.5074200e+03
 5.4285000e+03,   1.5084200e+03
 5.4308000e+03,   1.5594200e+03
 5.4330000e+03,   1.5064200e+03
 5.4352000e+03,   1.5294200e+03
 5.4375000e+03,   1.5634200e+03
 5.4397000e+03,   1.5134200e+03
 5.4420000e+03,   1.5284200e+03
 5.4442000e+03,   1.5594200e+03
 5.4464000e+03,   1.5504200e+03
 5.4487000e+03,   1.5494200e+03
 5.4509000e+03,   1.6034200e+03
 5.4532000e+03,   1.5484200e+03
 5.4554000e+03,   1.5294200e+03
 5.4576000e+03,   1.5764200e+03
 5.4599000e+03,   1.6094200e+03
 5.4621000e+03,   1.5974200e+03
 5.4644000e+03,   1.6104200e+03
 5.4666000e+03,   1.5564200e+03
 5.4688000e+03,   1.5674200e+03
 5.4711000e+03,   1.6164200e+03
 5.4733000e+03,   1.6274200e+03
 5.4755000e+03,   1.6124200e+03
 5.4778000e+03,   1.6324200e+03
 5.4800000e+03,   1.6704200e+03
 5.4823000e+03,   1.6384200e+03
 5.4845000e+03,   1.6084200e+03
 5.4867000e+03,   1.6644200e+03
 5.4890000e+03,   1.6534200e+03
 5.4912000e+03,   1.6784200e+03
 5.4934000e+03,   1.6754200e+03
 5.4957000e+03,   1.6844200e+03
 5.4979000e+03,   1.6684200e+03
 5.5001000e+03,   1.6844200e+03
 5.5024000e+03,   1.6704200e+03
 5.5046000e+03,   1.6884200e+03
 5.5069000e+03,   1.6684200e+03
 5.5091000e+03,   1.6954200e+03
 5.5113000e+03,   1.6854200e+03
 5.5136000e+03,   1.7094200e+03
 5.5158000e+03,   1.7494200e+03
 5.5180000e+03,   1.7324200e+03
 5.5203000e+03,   1.6914200e+03
 5.5225000e+03,   1.7784200e+03
 5.5247000e+03,   1.7724200e+03
 5.5270000e+03,   1.7634200e+03
 5.5292000e+03,   1.7344200e+03
 5.5314000e+03,   1.7464200e+03
 5.5337000e+03,   1.7494200e+03
 5.5359000e+03,   1.8254200e+03
 5.5381000e+03,   1.7654200e+03
 5.5404000e+03,   1.7984200e+03
 5.5426000e+03,   1.7874200e+03
 5.5448000e+03,   1.8404200e+03
 5.5471000e+03,   1.7584200e+03
 5.5493000e+03,   1.8134200e+03
 5.5515000e+03,   1.8134200e+03
 5.5538000e+03,   1.8654200e+03
 5.5560000e+03,   1.7884200e+03
 5.5582000e+03,   1.8414200e+03
 5.5605000e+03,   1.8424200e+03
 5.5627000e+03,   1.8654200e+03
 5.5649000e+03,   1.8794200e+03
 5.5672000e+03,   1.8334200e+03
 5.5694000e+03,   1.8624200e+03
 5.5716000e+03,   1.9104200e+03
 5.5739000e+03,   1.8934200e+03
 5.5761000e+03,   1.8784200e+03
 5.5783000e+03,   1.8804200e+03
 5.5805000e+03,   1.9354200e+03
 5.5828000e+03,   1.8934200e+03
 5.5850000e+03,   1.9224200e+03
 5.5872000e+03,   1.9144200e+03
 5.5895000e+03,   1.9604200e+03
 5.5917000e+03,   1.9204200e+03
 5.5939000e+03,   1.8984200e+03
 5.5962000e+03,   1.9384200e+03
 5.5984000e+03,   1.9344200e+03
 5.6006000e+03,   1.9524200e+03
 5.6028000e+03,   1.9584200e+03
 5.6051000e+03,   1.9684200e+03
 5.6073000e+03,   2.0274200e+03
 5.6095000e+03,   1.9694200e+03
 5.6118000e+03,   1.9864200e+03
 5.6140000e+03,   2.0234200e+03
 5.6162000e+03,   1.9924200e+03
 5.6184000e+03,   1.9924200e+03
 5.6207000e+03,   2.0534200e+03
 5.6229000e+03,   2.0524200e+03
 5.6251000e+03,   2.0234200e+03
 5.6274000e+03,   2.0584200e+03
 5.6296000e+03,   2.0504200e+03
 5.6318000e+03,   2.0994200e+03
 5.6340000e+03,   2.0774200e+03
 5.6363000e+03,   2.1314200e+03
 5.6385000e+03,   2.0514200e+03
 5.6407000e+03,   2.0434200e+03
 5.6429000e+03,   2.1054200e+03
 5.6452000e+03,   2.1044200e+03
 5.6474000e+03,   2.0804200e+03
 5.6496000e+03,   2.1464200e+03
 5.6518000e+03,   2.0974200e+03
 5.6541000e+03,   2.1484200e+03
 5.6563000e+03,   2.1224200e+03
 5.6585000e+03,   2.1244200e+03
 5.6607000e+03,   2.1274200e+03
 5.6630000e+03,   2.1314200e+03
 5.6652000e+03,   2.1564200e+03
 5.6674000e+03,   2.1444200e+03
 5.6696000e+03,   2.1564200e+03
 5.6719000e+03,   2.1514200e+03
 5.6741000e+03,   2.1834200e+03
 5.6763000e+03,   2.1754200e+03
 5.6785000e+03,   2.1614200e+03
 5.6808000e+03,   2.1484200e+03
 5.6830000e+03,   2.1934200e+03
 5.6852000e+03,   2.2334200e+03
 5.6874000e+03,   2.1764200e+03
 5.6897000e+03,   2.1864200e+03
 5.6919000e+03,   2.2194200e+03
 5.6941000e+03,   2.1944200e+03
 5.6963000e+03,   2.2194200e+03
 5.6985000e+03,   2.2474200e+03
 5.7008000e+03,   2.1894200e+03
 5.7030000e+03,   2.2424200e+03
 5.7052000e+03,   2.2194200e+03
 5.7074000e+03,   2.1834200e+03
 5.7097000e+03,   2.2004200e+03
 5.7119000e+03,   2.2554200e+03
 5.7141000e+03,   2.2434200e+03
 5.7163000e+03,   2.2664200e+03
 5.7185000e+03,   2.2574200e+03
 5.7208000e+03,   2.2534200e+03
 5.7230000e+03,   2.2544200e+03
 5.7252000e+03,   2.2384200e+03
 5.7274000e+03,   2.3034200e+03
 5.7296000e+03,   2.2494200e+03
 5.7319000e+03,   2.2474200e+03
 5.7341000e+03,   2.2984200e+03
 5.7363000e+03,   2.2844200e+03
 5.7385000e+03,   2.2674200e+03
 5.7407000e+03,   2.2854200e+03
 5.7430000e+03,   2.3064200e+03
 5.7452000e+03,   2.3204200e+03
 5.7474000e+03,   2.2634200e+03
 5.7496000e+03,   2.2984200e+03
 5.7518000e+03,   2.3074200e+03
 5.7541000e+03,   2.3054200e+03
 5.7563000e+03,   2.2974200e+03
 5.7585000e+03,   2.3324200e+03
 5.7607000e+03,   2.2944200e+03
 5.7629000e+03,   2.3574200e+03
 5.7651000e+03,   2.2744200e+03
 5.7674000e+03,   2.3064200e+03
 5.7696000e+03,   2.3294200e+03
 5.7718000e+03,   2.3264200e+03
 5.7740000e+03,   2.3634200e+03
 5.7762000e+03,   2.2884200e+03
 5.7784000e+03,   2.3524200e+03
 5.7807000e+03,   2.3884200e+03
 5.7829000e+03,   2.3824200e+03
 5.7851000e+03,   2.3414200e+03
 5.7873000e+03,   2.3784200e+03
 5.7895000e+03,   2.3774200e+03
 5.7917000e+03,   2.3494200e+03
 5.7940000e+03,   2.3554200e+03
 5.7962000e+03,   2.3484200e+03
 5.7984000e+03,   2.3724200e+03
 5.8006000e+03,   2.4294200e+03
 5.8028000e+03,   2.3544200e+03
 5.8050000e+03,   2.3444200e+03
 5.8072000e+03,   2.3984200e+03
 5.8095000e+03,   2.3634200e+03
 5.8117000e+03,   2.3674200e+03
 5.8139000e+03,   2.3794200e+03
 5.8161000e+03,   2.3674200e+03
 5.8183000e+03,   2.4434200e+03
 5.8205000e+03,   2.4014200e+03
 5.8227000e+03,   2.3684200e+03
 5.8250000e+03,   2.4404200e+03
 5.8272000e+03,   2.4464200e+03
 5.8294000e+03,   2.4054200e+03
 5.8316000e+03,   2.4334200e+03
 5.8338000e+03,   2.3854200e+03
 5.8360000e+03,   2.4094200e+03
 5.8382000e+03,   2.4644200e+03
 5.8404000e+03,   2.3994200e+03
 5.8427000e+03,   2.4104200e+03
 5.8449000e+03,   2.4114200e+03
 5.8471000e+03,   2.4804200e+03
 5.8493000e+03,   2.4234200e+03
 5.8515000e+03,   2.4254200e+03
 5.8537000e+03,   2.4634200e+03
 5.8559000e+03,   2.4524200e+03
 5.8581000e+03,   2.4574200e+03
 5.8604000e+03,   2.5024200e+03
 5.8626000e+03,   2.3984200e+03
 5.8648000e+03,   2.4264200e+03
 5.8670000e+03,   2.4554200e+03
 5.8692000e+03,   2.4624200e+03
 5.8714000e+03,   2.4314200e+03
 5.8736000e+03,   2.4894200e+03
 5.8758000e+03,   2.4334200e+03
 5.8780000e+03,   2.4724200e+03
 5.8802000e+03,   2.4564200e+03
 5.8825000e+03,   2.4444200e+03
 5.8847000e+03,   2.4534200e+03
 5.8869000e+03,   2.4664200e+03
 5.8891000e+03,   2.4634200e+03
 5.8913000e+03,   2.5334200e+03
 5.8935000e+03,   2.4264200e+03
 5.8957000e+03,   2.5034200e+03
 5.8979000e+03,   2.4514200e+03
 5.9001000e+03,   2.5304200e+03
 5.9023000e+03,   2.4694200e+03
 5.9045000e+03,   2.4504200e+03
 5.9067000e+03,   2.4974200e+03
 5.9090000e+03,   2.5644200e+03
 5.9112000e+03,   2.5224200e+03
 5.9134000e+03,   2.5084200e+03
 5.9156000e+03,   2.5654200e+03
 5.9178000e+03,   2.5044200e+03
 5.9200000e+03,   2.5594200e+03
 5.9222000e+03,   2.5084200e+03
 5.9244000e+03,   2.5374200e+03
 5.9266000e+03,   2.5384200e+03
 5.9288000e+03,   2.5424200e+03
 5.9310000e+03,   2.5714200e+03
 5.9332000e+03,   2.5464200e+03
 5.9354000e+03,   2.5484200e+03
 5.9376000e+03,   2.5954200e+03
 5.9398000e+03,   2.5514200e+03
 5.9420000e+03,   2.5794200e+03
 5.9443000e+03,   2.5814200e+03
 5.9465000e+03,   2.5364200e+03
 5.9487000e+03,   2.5694200e+03
 5.9509000e+03,   2.5424200e+03
 5.9531000e+03,   2.5174200e+03
 5.9553000e+03,   2.5884200e+03
 5.9575000e+03,   2.5924200e+03
 5.9597000e+03,   2.5864200e+03
 5.9619000e+03,   2.6194200e+03
 5.9641000e+03,   2.6084200e+03
 5.9663000e+03,   2.6094200e+03
 5.9685000e+03,   2.5884200e+03
 5.9707000e+03,   2.6334200e+03
 5.9729000e+03,   2.6184200e+03
 5.9751000e+03,   2.6444200e+03
 5.9773000e+03,   2.6444200e+03
 5.9795000e+03,   2.6014200e+03
 5.9817000e+03,   2.5824200e+03
 5.9839000e+03,   2.6454200e+03
 5.9861000e+03,   2.6384200e+03
 5.9883000e+03,   2.6814200e+03
 5.9905000e+03,   2.6174200e+03
 5.9927000e+03,   2.6954200e+03
 5.9949000e+03,   2.6114200e+03
 5.9971000e+03,   2.6994200e+03
 5.9993000e+03,   2.6524200e+03
 6.0015000e+03,   2.6344200e+03
 6.0037000e+03,   2.6804200e+03
 6.0059000e+03,   2.6714200e+03
 6.0081000e+03,   2.6314200e+03
 6.0103000e+03,   2.6804200e+03
 6.0125000e+03,   2.7004200e+03
 6.0147000e+03,   2.6494200e+03
 6.0169000e+03,   2.6644200e+03
 6.0191000e+03,   2.7214200e+03
 6.0213000e+03,   2.6664200e+03
 6.0235000e+03,   2.6544200e+03
 6.0257000e+03,   2.6664200e+03
 6.0279000e+03,   2.7124200e+03
 6.0301000e+03,   2.6924200e+03
 6.0323000e+03,   2.7344200e+03
 6.0345000e+03,   2.7374200e+03
 6.0367000e+03,   2.7174200e+03
 6.0389000e+03,   2.6884200e+03
 6.0411000e+03,   2.6994200e+03
 6.0433000e+03,   2.7174200e+03
 6.0455000e+03,   2.7144200e+03
 6.0477000e+03,   2.7114200e+03
 6.0499000e+03,   2.7244200e+03
 6.0521000e+03,   2.7134200e+03
 6.0543000e+03,   2.6974200e+03
 6.0565000e+03,   2.7684200e+03
 6.0587000e+03,   2.7884200e+03
 6.0609000e+03,   2.7724200e+03
 6.0631000e+03,   2.7884200e+03
 6.0653000e+03,   2.7764200e+03
 6.0675000e+03,   2.8054200e+03
 6.0697000e+03,   2.7594200e+03
 6.0719000e+03,   2.7284200e+03
 6.0741000e+03,   2.7144200e+03
 6.0763000e+03,   2.7354200e+03
 6.0785000e+03,   2.7554200e+03
 6.0807000e+03,   2.7224200e+03
 6.0828000e+03,   2.7304200e+03
 6.0850000e+03,   2.7784200e+03
 6.0872000e+03,   2.8334200e+03
 6.0894000e+03,   2.7594200e+03
 6.0916000e+03,   2.8074200e+03
 6.0938000e+03,   2.8304200e+03
 6.0960000e+03,   2.8234200e+03
 6.0982000e+03,   2.8544200e+03
 6.1004000e+03,   2.7904200e+03
 6.1026000e+03,   2.7834200e+03
 6.1048000e+03,   2.7974200e+03
 6.1070000e+03,   2.8314200e+03
 6.1092000e+03,   2.7844200e+03
 6.1114000e+03,   2.8444200e+03
 6.1136000e+03,   2.8204200e+03
 6.1158000e+03,   2.8564200e+03
 6.1179000e+03,   2.8184200e+03
 6.1201000e+03,   2.8254200e+03
 6.1223000e+03,   2.8444200e+03
 6.1245000e+03,   2.8184200e+03
 6.1267000e+03,   2.8394200e+03
 6.1289000e+03,   2.8514200e+03
 6.1311000e+03,   2.8664200e+03
 6.1333000e+03,   2.8354200e+03
 6.1355000e+03,   2.8364200e+03
 6.1377000e+03,   2.8004200e+03
 6.1399000e+03,   2.8544200e+03
 6.1421000e+03,   2.8374200e+03
 6.1442000e+03,   2.8574200e+03
 6.1464000e+03,   2.8394200e+03
 6.1486000e+03,   2.8634200e+03
 6.1508000e+03,   2.8124200e+03
 6.1530000e+03,   2.8224200e+03
 6.1552000e+03,   2.8504200e+03
 6.1574000e+03,   2.8104200e+03
 6.1596000e+03,   2.8644200e+03
 6.1618000e+03,   2.8764200e+03
 6.1640000e+03,   2.8454200e+03
 6.1661000e+03,   2.8324200e+03
 6.1683000e+03,   2.8564200e+03
 6.1705000e+03,   2.8594200e+03
 6.1727000e+03,   2.8664200e+03
 6.1749000e+03,   2.8134200e+03
 6.1771000e+03,   2.8294200e+03
 6.1793000e+03,   2.8624200e+03
 6.1815000e+03,   2.7804200e+03
 6.1836000e+03,   2.8274200e+03
 6.1858000e+03,   2.8334200e+03
 6.1880000e+03,   2.8484200e+03
 6.1902000e+03,   2.8494200e+03
 6.1924000e+03,   2.8424200e+03
 6.1946000e+03,   2.8364200e+03
 6.1968000e+03,   2.8184200e+03
 6.1990000e+03,   2.8064200e+03
 6.2011000e+03,   2.8234200e+03
 6.2033000e+03,   2.7954200e+03
 6.2055000e+03,   2.8024200e+03
 6.2077000e+03,   2.8834200e+03
 6.2099000e+03,   2.8684200e+03
 6.2121000e+03,   2.8614200e+03
 6.2143000e+03,   2.9114200e+03
 6.2164000e+03,   2.8644200e+03
 6.2186000e+03,   2.8734200e+03
 6.2208000e+03,   2.8534200e+03
 6.2230000e+03,   2.8234200e+03
 6.2252000e+03,   2.7884200e+03
 6.2274000e+03,   2.8164200e+03
 6.2296000e+03,   2.8704200e+03
 6.2317000e+03,   2.9174200e+03
 6.2339000e+03,   2.8584200e+03
 6.2361000e+03,   2.8254200e+03
 6.2383000e+03,   2.8654200e+03
 6.2405000e+03,   2.8694200e+03
 6.2427000e+03,   2.8914200e+03
 6.2448000e+03,   2.8534200e+03
 6.2470000e+03,   2.8454200e+03
 6.2492000e+03,   2.8874200e+03
 6.2514000e+03,   2.8274200e+03
 6.2536000e+03,   2.7804200e+03
 6.2558000e+03,   2.8344200e+03
 6.2579000e+03,   2.8104200e+03
 6.2601000e+03,   2.8444200e+03
 6.2623000e+03,   2.8734200e+03
 6.2645000e+03,   2.8554200e+03
 6.2667000e+03,   2.8454200e+03
 6.2688000e+03,   2.8384200e+03
 6.2710000e+03,   2.8384200e+03
 6.2732000e+03,   2.8404200e+03
 6.2754000e+03,   2.8454200e+03
 6.2776000e+03,   2.8374200e+03
 6.2797000e+03,   2.8434200e+03
 6.2819000e+03,   2.8424200e+03
 6.2841000e+03,   2.8514200e+03
 6.2863000e+03,   2.8464200e+03
 6.2885000e+03,   2.8324200e+03
 6.2906000e+03,   2.8434200e+03
 6.2928000e+03,   2.8104200e+03
 6.2950000e+03,   2.8434200e+03
 6.2972000e+03,   2.8284200e+03
 6.2994000e+03,   2.7994200e+03
 6.3015000e+03,   2.8334200e+03
 6.3037000e+03,   2.8044200e+03
 6.3059000e+03,   2.8574200e+03
 6.3081000e+03,   2.8494200e+03
 6.3103000e+03,   2.7674200e+03
 6.3124000e+03,   2.8154200e+03
 6.3146000e+03,   2.7934200e+03
 6.3168000e+03,   2.8324200e+03
 6.3190000e+03,   2.8264200e+03
 6.3211000e+03,   2.7994200e+03
 6.3233000e+03,   2.8234200e+03
 6.3255000e+03,   2.8494200e+03
 6.3277000e+03,   2.8224200e+03
 6.3299000e+03,   2.8114200e+03
 6.3320000e+03,   2.7834200e+03
 6.3342000e+03,   2.8144200e+03
 6.3364000e+03,   2.8254200e+03
 6.3386000e+03,   2.8094200e+03
 6.3407000e+03,   2.7794200e+03
 6.3429000e+03,   2.8264200e+03
 6.3451000e+03,   2.7814200e+03
 6.3473000e+03,   2.8134200e+03
 6.3494000e+03,   2.8114200e+03
 6.3516000e+03,   2.8014200e+03
 6.3538000e+03,   2.8264200e+03
 6.3560000e+03,   2.8184200e+03
 6.3581000e+03,   2.8494200e+03
 6.3603000e+03,   2.7984200e+03
 6.3625000e+03,   2.8014200e+03
 6.3647000e+03,   2.8164200e+03
 6.3668000e+03,   2.7744200e+03
 6.3690000e+03,   2.7994200e+03
 6.3712000e+03,   2.8334200e+03
 6.3734000e+03,   2.8704200e+03
 6.3755000e+03,   2.7844200e+03
 6.3777000e+03,   2.7844200e+03
 6.3799000e+03,   2.8324200e+03
 6.3821000e+03,   2.8354200e+03
 6.3842000e+03,   2.8104200e+03
 6.3864000e+03,   2.7954200e+03
 6.3886000e+03,   2.7974200e+03
 6.3907000e+03,   2.7884200e+03
 6.3929000e+03,   2.8374200e+03
 6.3951000e+03,   2.8584200e+03
 6.3973000e+03,   2.8294200e+03
 6.3994000e+03,   2.8404200e+03
 6.4016000e+03,   2.8314200e+03
 6.4038000e+03,   2.7874200e+03
 6.4059000e+03,   2.8144200e+03
 6.4081000e+03,   2.8174200e+03
 6.4103000e+03,   2.8544200e+03
 6.4125000e+03,   2.8004200e+03
 6.4146000e+03,   2.8314200e+03
 6.4168000e+03,   2.8214200e+03
 6.4190000e+03,   2.8344200e+03
 6.4211000e+03,   2.8634200e+03
 6.4233000e+03,   2.7534200e+03
 6.4255000e+03,   2.8194200e+03
 6.4276000e+03,   2.7964200e+03
 6.4298000e+03,   2.7764200e+03
 6.4320000e+03,   2.7954200e+03
 6.4342000e+03,   2.8344200e+03
 6.4363000e+03,   2.8424200e+03
 6.4385000e+03,   2.8154200e+03
 6.4407000e+03,   2.8404200e+03
 6.4428000e+03,   2.8894200e+03
 6.4450000e+03,   2.8234200e+03
 6.4472000e+03,   2.8494200e+03
 6.4493000e+03,   2.7954200e+03
 6.4515000e+03,   2.7944200e+03
 6.4537000e+03,   2.8624200e+03
 6.4558000e+03,   2.8424200e+03
 6.4580000e+03,   2.7894200e+03
 6.4602000e+03,   2.7994200e+03
 6.4623000e+03,   2.8094200e+03
 6.4645000e+03,   2.7904200e+03
 6.4667000e+03,   2.7934200e+03
 6.4688000e+03,   2.8124200e+03
 6.4710000e+03,   2.7754200e+03
 6.4732000e+03,   2.8164200e+03
 6.4753000e+03,   2.8414200e+03
 6.4775000e+03,   2.8154200e+03
 6.4797000e+03,   2.8214200e+03
 6.4818000e+03,   2.8584200e+03
 6.4840000e+03,   2.7714200e+03
 6.4862000e+03,   2.8204200e+03
 6.4883000e+03,   2.8164200e+03
 6.4905000e+03,   2.8434200e+03
 6.4927000e+03,   2.8364200e+03
 6.4948000e+03,   2.8494200e+03
 6.4970000e+03,   2.8824200e+03
 6.4992000e+03,   2.8754200e+03
 6.5013000e+03,   2.8124200e+03
 6.5035000e+03,   2.8294200e+03
 6.5056000e+03,   2.7824200e+03
 6.5078000e+03,   2.8544200e+03
 6.5100000e+03,   2.8094200e+03
 6.5121000e+03,   2.8164200e+03
 6.5143000e+03,   2.8654200e+03
 6.5165000e+03,   2.8094200e+03
 6.5186000e+03,   2.7954200e+03
 6.5208000e+03,   2.8074200e+03
 6.5229000e+03,   2.8354200e+03
 6.5251000e+03,   2.8284200e+03
 6.5273000e+03,   2.8424200e+03
 6.5294000e+03,   2.8074200e+03
 6.5316000e+03,   2.8734200e+03
 6.5338000e+03,   2.8544200e+03
 6.5359000e+03,   2.7954200e+03
 6.5381000e+03,   2.8264200e+03
 6.5402000e+03,   2.8174200e+03
 6.5424000e+03,   2.8254200e+03
 6.5446000e+03,   2.8194200e+03
 6.5467000e+03,   2.8344200e+03
 6.5489000e+03,   2.8244200e+03
 6.5510000e+03,   2.8064200e+03
 6.5532000e+03,   2.8174200e+03
 6.5554000e+03,   2.8474200e+03
 6.5575000e+03,   2.8934200e+03
 6.5597000e+03,   2.8674200e+03
 6.5618000e+03,   2.8494200e+03
 6.5640000e+03,   2.8354200e+03
 6.5662000e+03,   2.8474200e+03
 6.5683000e+03,   2.8204200e+03
 6.5705000e+03,   2.8594200e+03
 6.5726000e+03,   2.8364200e+03
 6.5748000e+03,   2.8574200e+03
 6.5770000e+03,   2.8144200e+03
 6.5791000e+03,   2.8094200e+03
 6.5813000e+03,   2.8084200e+03
 6.5834000e+03,   2.8414200e+03
 6.5856000e+03,   2.8844200e+03
 6.5877000e+03,   2.8624200e+03
 6.5899000e+03,   2.8354200e+03
 6.5921000e+03,   2.8364200e+03
 6.5942000e+03,   2.8684200e+03
 6.5964000e+03,   2.8894200e+03
 6.5985000e+03,   2.8494200e+03
 6.6007000e+03,   2.8764200e+03
 6.6028000e+03,   2.8764200e+03
 6.6050000e+03,   2.8324200e+03
 6.6072000e+03,   2.8434200e+03
 6.6093000e+03,   2.8134200e+03
 6.6115000e+03,   2.8194200e+03
 6.6136000e+03,   2.8674200e+03
 6.6158000e+03,   2.8504200e+03
 6.6179000e+03,   2.8434200e+03
 6.6201000e+03,   2.8714200e+03
 6.6222000e+03,   2.8624200e+03
 6.6244000e+03,   2.8124200e+03
 6.6265000e+03,   2.8634200e+03
 6.6287000e+03,   2.8104200e+03
 6.6309000e+03,   2.8924200e+03
 6.6330000e+03,   2.8784200e+03
 6.6352000e+03,   2.8344200e+03
 6.6373000e+03,   2.8484200e+03
 6.6395000e+03,   2.8084200e+03
 6.6416000e+03,   2.8594200e+03
 6.6438000e+03,   2.8434200e+03
 6.6459000e+03,   2.8134200e+03
 6.6481000e+03,   2.8534200e+03
 6.6502000e+03,   2.8284200e+03
 6.6524000e+03,   2.8354200e+03
 6.6545000e+03,   2.8834200e+03
 6.6567000e+03,   2.8114200e+03
 6.6588000e+03,   2.8404200e+03
 6.6610000e+03,   2.7954200e+03
 6.6631000e+03,   2.7914200e+03
 6.6653000e+03,   2.7954200e+03
 6.6675000e+03,   2.8364200e+03
 6.6696000e+03,   2.8314200e+03
 6.6718000e+03,   2.8244200e+03
 6.6739000e+03,   2.8434200e+03
 6.6761000e+03,   2.8704200e+03
 6.6782000e+03,   2.8684200e+03
 6.6804000e+03,   2.8014200e+03
 6.6825000e+03,   2.8684200e+03
 6.6847000e+03,   2.8324200e+03
 6.6868000e+03,   2.7834200e+03
 6.6890000e+03,   2.8484200e+03
 6.6911000e+03,   2.7724200e+03
 6.6933000e+03,   2.7744200e+03
 6.6954000e+03,   2.8234200e+03
 6.6976000e+03,   2.8054200e+03
 6.6997000e+03,   2.8594200e+03
 6.7019000e+03,   2.7774200e+03
 6.7040000e+03,   2.8194200e+03
 6.7061000e+03,   2.7604200e+03
 6.7083000e+03,   2.7994200e+03
 6.7104000e+03,   2.7694200e+03
 6.7126000e+03,   2.8254200e+03
 6.7147000e+03,   2.7944200e+03
 6.7169000e+03,   2.7844200e+03
 6.7190000e+03,   2.7684200e+03
 6.7212000e+03,   2.7804200e+03
 6.7233000e+03,   2.7914200e+03
 6.7255000e+03,   2.8124200e+03
 6.7276000e+03,   2.7804200e+03
 6.7298000e+03,   2.7994200e+03
 6.7319000e+03,   2.7444200e+03
 6.7341000e+03,   2.7384200e+03
 6.7362000e+03,   2.7804200e+03
 6.7384000e+03,   2.7864200e+03
 6.7405000e+03,   2.7684200e+03
 6.7426000e+03,   2.8094200e+03
 6.7448000e+03,   2.7474200e+03
 6.7469000e+03,   2.7634200e+03
 6.7491000e+03,   2.7714200e+03
 6.7512000e+03,   2.7374200e+03
 6.7534000e+03,   2.7364200e+03
 6.7555000e+03,   2.7734200e+03
 6.7577000e+03,   2.7854200e+03
 6.7598000e+03,   2.7624200e+03
 6.7619000e+03,   2.7354200e+03
 6.7641000e+03,   2.7204200e+03
 6.7662000e+03,   2.7374200e+03
 6.7684000e+03,   2.7214200e+03
 6.7705000e+03,   2.7714200e+03
 6.7727000e+03,   2.7724200e+03
 6.7748000e+03,   2.7224200e+03
 6.7769000e+03,   2.7624200e+03
 6.7791000e+03,   2.6754200e+03
 6.7812000e+03,   2.7194200e+03
 6.7834000e+03,   2.7024200e+03
 6.7855000e+03,   2.6974200e+03
 6.7877000e+03,   2.6934200e+03
 6.7898000e+03,   2.7244200e+03
 6.7919000e+03,   2.6574200e+03
 6.7941000e+03,   2.7004200e+03
 6.7962000e+03,   2.7184200e+03
 6.7984000e+03,   2.6984200e+03
 6.8005000e+03,   2.7194200e+03
 6.8027000e+03,   2.6734200e+03
 6.8048000e+03,   2.7074200e+03
 6.8069000e+03,   2.6784200e+03
 6.8091000e+03,   2.6734200e+03
 6.8112000e+03,   2.7324200e+03
 6.8134000e+03,   2.6784200e+03
 6.8155000e+03,   2.6874200e+03
 6.8176000e+03,   2.6414200e+03
 6.8198000e+03,   2.6544200e+03
 6.8219000e+03,   2.6834200e+03
 6.8241000e+03,   2.6644200e+03
 6.8262000e+03,   2.6734200e+03
 6.8283000e+03,   2.6654200e+03
 6.8305000e+03,   2.6174200e+03
 6.8326000e+03,   2.6154200e+03
 6.8347000e+03,   2.6774200e+03
 6.8369000e+03,   2.6304200e+03
 6.8390000e+03,   2.6254200e+03
 6.8412000e+03,   2.6484200e+03
 6.8433000e+03,   2.6084200e+03
 6.8454000e+03,   2.6154200e+03
 6.8476000e+03,   2.5554200e+03
 6.8497000e+03,   2.6194200e+03
 6.8518000e+03,   2.6314200e+03
 6.8540000e+03,   2.6024200e+03
 6.8561000e+03,   2.5784200e+03
 6.8583000e+03,   2.6004200e+03
 6.8604000e+03,   2.5554200e+03
 6.8625000e+03,   2.6144200e+03
 6.8647000e+03,   2.6004200e+03
 6.8668000e+03,   2.5734200e+03
 6.8689000e+03,   2.5944200e+03
 6.8711000e+03,   2.5994200e+03
 6.8732000e+03,   2.5754200e+03
 6.8753000e+03,   2.5534200e+03
 6.8775000e+03,   2.5544200e+03
 6.8796000e+03,   2.5554200e+03
 6.8817000e+03,   2.5934200e+03
 6.8839000e+03,   2.5744200e+03
 6.8860000e+03,   2.5234200e+03
 6.8881000e+03,   2.5784200e+03
 6.8903000e+03,   2.5774200e+03
 6.8924000e+03,   2.5884200e+03
 6.8946000e+03,   2.5584200e+03
 6.8967000e+03,   2.5484200e+03
 6.8988000e+03,   2.5074200e+03
 6.9010000e+03,   2.5144200e+03
 6.9031000e+03,   2.5364200e+03
 6.9052000e+03,   2.5134200e+03
 6.9073000e+03,   2.5114200e+03
 6.9095000e+03,   2.4704200e+03
 6.9116000e+03,   2.5494200e+03
 6.9137000e+03,   2.4914200e+03
 6.9159000e+03,   2.5124200e+03
 6.9180000e+03,   2.5004200e+03
 6.9201000e+03,   2.5194200e+03
 6.9223000e+03,   2.4684200e+03
 6.9244000e+03,   2.5214200e+03
 6.9265000e+03,   2.4994200e+03
 6.9287000e+03,   2.4764200e+03
 6.9308000e+03,   2.4834200e+03
 6.9329000e+03,   2.5484200e+03
 6.9351000e+03,   2.4674200e+03
 6.9372000e+03,   2.4914200e+03
 6.9393000e+03,   2.4954200e+03
 6.9414000e+03,   2.4254200e+03
 6.9436000e+03,   2.4214200e+03
 6.9457000e+03,   2.5144200e+03
 6.9478000e+03,   2.4604200e+03
 6.9500000e+03,   2.4754200e+03
 6.9521000e+03,   2.4234200e+03
 6.9542000e+03,   2.4124200e+03
 6.9564000e+03,   2.4284200e+03
 6.9585000e+03,   2.4404200e+03
 6.9606000e+03,   2.4354200e+03
 6.9627000e+03,   2.4724200e+03
 6.9649000e+03,   2.4414200e+03
 6.9670000e+03,   2.4704200e+03
 6.9691000e+03,   2.3994200e+03
 6.9713000e+03,   2.4214200e+03
 6.9734000e+03,   2.4404200e+03
 6.9755000e+03,   2.4214200e+03
 6.9776000e+03,   2.4214200e+03
 6.9798000e+03,   2.4194200e+03
 6.9819000e+03,   2.3864200e+03
 6.9840000e+03,   2.3684200e+03
 6.9861000e+03,   2.3954200e+03
 6.9883000e+03,   2.3464200e+03
 6.9904000e+03,   2.3784200e+03
 6.9925000e+03,   2.3954200e+03
 6.9946000e+03,   2.4044200e+03
 6.9968000e+03,   2.4104200e+03
 6.9989000e+03,   2.3754200e+03
 7.0010000e+03,   2.3784200e+03
 7.0031000e+03,   2.3744200e+03
 7.0053000e+03,   2.3684200e+03
 7.0074000e+03,   2.3854200e+03
 7.0095000e+03,   2.3724200e+03
 7.0116000e+03,   2.3224200e+03
 7.0138000e+03,   2.3994200e+03
 7.0159000e+03,   2.3814200e+03
 7.0180000e+03,   2.3774200e+03
 7.0201000e+03,   2.3564200e+03
 7.0223000e+03,   2.3374200e+03
 7.0244000e+03,   2.3714200e+03
 7.0265000e+03,   2.3424200e+03
 7.0286000e+03,   2.3514200e+03
 7.0308000e+03,   2.3594200e+03
 7.0329000e+03,   2.3414200e+03
 7.0350000e+03,   2.3184200e+03
 7.0371000e+03,   2.3384200e+03
 7.0392000e+03,   2.3474200e+03
 7.0414000e+03,   2.2824200e+03
 7.0435000e+03,   2.3414200e+03
 7.0456000e+03,   2.3344200e+03
 7.0477000e+03,   2.2714200e+03
 7.0499000e+03,   2.3444200e+03
 7.0520000e+03,   2.3164200e+03
 7.0541000e+03,   2.3534200e+03
 7.0562000e+03,   2.2764200e+03
 7.0583000e+03,   2.3064200e+03
 7.0605000e+03,   2.3284200e+03
 7.0626000e+03,   2.2504200e+03
 7.0647000e+03,   2.2504200e+03
 7.0668000e+03,   2.3314200e+03
 7.0689000e+03,   2.2894200e+03
 7.0711000e+03,   2.3244200e+03
 7.0732000e+03,   2.3094200e+03
 7.0753000e+03,   2.2954200e+03
 7.0774000e+03,   2.2884200e+03
 7.0795000e+03,   2.2684200e+03
 7.0817000e+03,   2.2454200e+03
 7.0838000e+03,   2.2674200e+03
 7.0859000e+03,   2.2764200e+03
 7.0880000e+03,   2.2834200e+03
 7.0901000e+03,   2.3224200e+03
 7.0922000e+03,   2.2994200e+03
 7.0944000e+03,   2.2894200e+03
 7.0965000e+03,   2.2464200e+03
 7.0986000e+03,   2.2764200e+03
 7.1007000e+03,   2.2354200e+03
 7.1028000e+03,   2.2664200e+03
 7.1049000e+03,   2.2564200e+03
 7.1071000e+03,   2.2224200e+03
 7.1092000e+03,   2.2204200e+03
 7.1113000e+03,   2.2354200e+03
 7.1134000e+03,   2.2294200e+03
 7.1155000e+03,   2.2384200e+03
 7.1176000e+03,   2.1914200e+03
 7.1198000e+03,   2.2574200e+03
 7.1219000e+03,   2.1894200e+03
 7.1240000e+03,   2.2294200e+03
 7.1261000e+03,   2.2254200e+03
 7.1282000e+03,   2.2214200e+03
 7.1303000e+03,   2.2134200e+03
 7.1325000e+03,   2.2194200e+03
 7.1346000e+03,   2.2494200e+03
 7.1367000e+03,   2.2284200e+03
 7.1388000e+03,   2.2094200e+03
 7.1409000e+03,   2.1964200e+03
 7.1430000e+03,   2.1594200e+03
 7.1451000e+03,   2.1784200e+03
 7.1473000e+03,   2.2044200e+03
 7.1494000e+03,   2.2094200e+03
 7.1515000e+03,   2.2274200e+03
 7.1536000e+03,   2.2074200e+03
 7.1557000e+03,   2.1514200e+03
 7.1578000e+03,   2.2204200e+03
 7.1599000e+03,   2.2094200e+03
 7.1620000e+03,   2.1474200e+03
 7.1642000e+03,   2.1444200e+03
 7.1663000e+03,   2.1454200e+03
 7.1684000e+03,   2.1834200e+03
 7.1705000e+03,   2.1824200e+03
 7.1726000e+03,   2.1754200e+03
 7.1747000e+03,   2.2014200e+03
 7.1768000e+03,   2.1564200e+03
 7.1789000e+03,   2.1324200e+03
 7.1810000e+03,   2.1544200e+03
 7.1832000e+03,   2.1404200e+03
 7.1853000e+03,   2.1314200e+03
 7.1874000e+03,   2.1274200e+03
 7.1895000e+03,   2.1244200e+03
 7.1916000e+03,   2.1514200e+03
 7.1937000e+03,   2.1134200e+03
 7.1958000e+03,   2.1064200e+03
 7.1979000e+03,   2.1384200e+03
 7.2000000e+03,   2.1114200e+03
 7.2021000e+03,   2.1254200e+03
 7.2043000e+03,   2.0874200e+03
 7.2064000e+03,   2.1024200e+03
 7.2085000e+03,   2.0704200e+03
 7.2106000e+03,   2.1194200e+03
 7.2127000e+03,   2.0534200e+03
 7.2148000e+03,   2.1264200e+03
 7.2169000e+03,   2.0914200e+03
 7.2190000e+03,   2.0824200e+03
 7.2211000e+03,   2.1074200e+03
 7.2232000e+03,   2.0544200e+03
 7.2253000e+03,   2.0544200e+03
 7.2274000e+03,   2.1164200e+03
 7.2295000e+03,   2.0614200e+03
 7.2317000e+03,   2.0704200e+03
 7.2338000e+03,   2.0484200e+03
 7.2359000e+03,   2.0584200e+03
 7.2380000e+03,   2.0354200e+03
 7.2401000e+03,   2.0794200e+03
 7.2422000e+03,   1.9904200e+03
 7.2443000e+03,   2.0484200e+03
 7.2464000e+03,   2.0474200e+03
 7.2485000e+03,   2.0304200e+03
 7.2506000e+03,   2.0954200e+03
 7.2527000e+03,   2.0464200e+03
 7.2548000e+03,   2.0894200e+03
 7.2569000e+03,   2.0074200e+03
 7.2590000e+03,   2.0244200e+03
 7.2611000e+03,   2.0074200e+03
 7.2632000e+03,   1.9684200e+03
 7.2653000e+03,   2.0514200e+03
 7.2674000e+03,   2.0344200e+03
 7.2695000e+03,   2.0334200e+03
 7.2716000e+03,   2.0184200e+03
 7.2738000e+03,   2.0594200e+03
 7.2759000e+03,   2.0344200e+03
 7.2780000e+03,   2.0144200e+03
 7.2801000e+03,   2.0304200e+03
 7.2822000e+03,   1.9994200e+03
 7.2843000e+03,   2.0154200e+03
 7.2864000e+03,   2.0034200e+03
 7.2885000e+03,   2.0254200e+03
 7.2906000e+03,   2.0174200e+03
 7.2927000e+03,   2.0184200e+03
 7.2948000e+03,   2.0194200e+03
 7.2969000e+03,   1.9804200e+03
 7.2990000e+03,   2.0324200e+03
 7.3011000e+03,   2.0114200e+03
 7.3032000e+03,   2.0304200e+03
 7.3053000e+03,   2.0004200e+03
 7.3074000e+03,   2.0314200e+03
 7.3095000e+03,   2.0364200e+03
 7.3116000e+03,   2.0064200e+03
 7.3137000e+03,   2.0204200e+03
 7.3158000e+03,   1.9924200e+03
 7.3179000e+03,   2.0434200e+03
 7.3200000e+03,   1.9904200e+03
 7.3221000e+03,   2.0024200e+03
 7.3242000e+03,   1.9954200e+03
 7.3263000e+03,   2.0034200e+03
 7.3284000e+03,   1.9884200e+03
 7.3305000e+03,   1.9614200e+03
 7.3326000e+03,   2.0334200e+03
 7.3347000e+03,   2.0084200e+03
 7.3368000e+03,   1.9904200e+03
 7.3389000e+03,   2.0174200e+03
 7.3410000e+03,   2.0594200e+03
 7.3431000e+03,   2.0024200e+03
 7.3452000e+03,   1.9844200e+03
 7.3473000e+03,   1.9804200e+03
 7.3494000e+03,   1.9744200e+03
 7.3515000e+03,   1.9964200e+03
 7.3535000e+03,   1.9494200e+03
 7.3556000e+03,   1.9694200e+03
 7.3577000e+03,   2.0034200e+03
 7.3598000e+03,   1.9904200e+03
 7.3619000e+03,   1.9704200e+03
 7.3640000e+03,   1.9644200e+03
 7.3661000e+03,   1.9624200e+03
 7.3682000e+03,   1.9874200e+03
 7.3703000e+03,   1.9714200e+03
 7.3724000e+03,   1.9944200e+03
 7.3745000e+03,   1.9804200e+03
 7.3766000e+03,   1.9314200e+03
 7.3787000e+03,   1.9534200e+03
 7.3808000e+03,   2.0234200e+03
 7.3829000e+03,   1.9594200e+03
 7.3850000e+03,   1.9634200e+03
 7.3871000e+03,   1.9544200e+03
 7.3892000e+03,   1.9424200e+03
 7.3913000e+03,   1.9204200e+03
 7.3934000e+03,   1.9514200e+03
 7.3954000e+03,   1.9494200e+03
 7.3975000e+03,   1.9794200e+03
 7.3996000e+03,   1.8804200e+03
 7.4017000e+03,   1.9324200e+03
 7.4038000e+03,   1.9304200e+03
 7.4059000e+03,   1.9464200e+03
 7.4080000e+03,   1.9494200e+03
 7.4101000e+03,   1.9514200e+03
 7.4122000e+03,   1.9354200e+03
 7.4143000e+03,   2.0014200e+03
 7.4164000e+03,   1.9454200e+03
 7.4185000e+03,   1.9084200e+03
 7.4205000e+03,   1.9164200e+03
 7.4226000e+03,   1.9284200e+03
 7.4247000e+03,   1.8834200e+03
 7.4268000e+03,   1.9044200e+03
 7.4289000e+03,   1.9214200e+03
 7.4310000e+03,   1.8734200e+03
 7.4331000e+03,   1.9284200e+03
 7.4352000e+03,   1.8984200e+03
 7.4373000e+03,   1.9104200e+03
 7.4394000e+03,   1.9074200e+03
 7.4415000e+03,   1.8754200e+03
 7.4435000e+03,   1.8774200e+03
 7.4456000e+03,   1.8674200e+03
 7.4477000e+03,   1.8694200e+03
 7.4498000e+03,   1.8364200e+03
 7.4519000e+03,   1.8654200e+03
 7.4540000e+03,   1.8714200e+03
 7.4561000e+03,   1.8674200e+03
 7.4582000e+03,   1.8904200e+03
 7.4602000e+03,   1.8614200e+03
 7.4623000e+03,   1.8294200e+03
 7.4644000e+03,   1.8444200e+03
 7.4665000e+03,   1.8874200e+03
 7.4686000e+03,   1.8224200e+03
 7.4707000e+03,   1.8454200e+03
 7.4728000e+03,   1.8644200e+03
 7.4749000e+03,   1.7994200e+03
 7.4769000e+03,   1.8874200e+03
 7.4790000e+03,   1.8044200e+03
 7.4811000e+03,   1.8504200e+03
 7.4832000e+03,   1.8454200e+03
 7.4853000e+03,   1.8534200e+03
 7.4874000e+03,   1.8244200e+03
 7.4895000e+03,   1.8444200e+03
 7.4915000e+03,   1.8514200e+03
 7.4936000e+03,   1.8734200e+03
 7.4957000e+03,   1.8124200e+03
 7.4978000e+03,   1.7644200e+03
 7.4999000e+03,   1.8644200e+03
 7.5020000e+03,   1.8174200e+03
 7.5041000e+03,   1.8574200e+03
 7.5061000e+03,   1.8444200e+03
 7.5082000e+03,   1.8434200e+03
 7.5103000e+03,   1.8014200e+03
 7.5124000e+03,   1.7764200e+03
 7.5145000e+03,   1.8194200e+03
 7.5166000e+03,   1.7954200e+03
 7.5186000e+03,   1.7634200e+03
 7.5207000e+03,   1.7324200e+03
 7.5228000e+03,   1.7574200e+03
 7.5249000e+03,   1.7634200e+03
 7.5270000e+03,   1.7294200e+03
 7.5290000e+03,   1.7464200e+03
 7.5311000e+03,   1.7544200e+03
 7.5332000e+03,   1.7314200e+03
 7.5353000e+03,   1.7744200e+03
 7.5374000e+03,   1.7634200e+03
 7.5395000e+03,   1.7484200e+03
 7.5415000e+03,   1.7204200e+03
 7.5436000e+03,   1.7314200e+03
 7.5457000e+03,   1.7224200e+03
 7.5478000e+03,   1.7384200e+03
 7.5499000e+03,   1.7614200e+03
 7.5519000e+03,   1.7594200e+03
 7.5540000e+03,   1.7054200e+03
 7.5561000e+03,   1.7044200e+03
 7.5582000e+03,   1.7354200e+03
 7.5603000e+03,   1.6744200e+03
 7.5623000e+03,   1.6894200e+03
 7.5644000e+03,   1.7174200e+03
 7.5665000e+03,   1.7224200e+03
 7.5686000e+03,   1.6914200e+03
 7.5707000e+03,   1.6774200e+03
 7.5727000e+03,   1.6904200e+03
 7.5748000e+03,   1.6514200e+03
 7.5769000e+03,   1.6514200e+03
 7.5790000e+03,   1.7364200e+03
 7.5810000e+03,   1.6534200e+03
 7.5831000e+03,   1.6604200e+03
 7.5852000e+03,   1.6484200e+03
 7.5873000e+03,   1.6264200e+03
 7.5894000e+03,   1.6814200e+03
 7.5914000e+03,   1.6404200e+03
 7.5935000e+03,   1.6124200e+03
 7.5956000e+03,   1.6264200e+03
 7.5977000e+03,   1.6354200e+03
 7.5997000e+03,   1.6564200e+03
 7.6018000e+03,   1.6184200e+03
 7.6039000e+03,   1.6334200e+03
 7.6060000e+03,   1.6224200e+03
 7.6080000e+03,   1.5914200e+03
 7.6101000e+03,   1.6014200e+03
 7.6122000e+03,   1.6164200e+03
 7.6143000e+03,   1.5834200e+03
 7.6163000e+03,   1.6044200e+03
 7.6184000e+03,   1.6344200e+03
 7.6205000e+03,   1.5594200e+03
 7.6226000e+03,   1.6254200e+03
 7.6246000e+03,   1.5784200e+03
 7.6267000e+03,   1.5344200e+03
 7.6288000e+03,   1.5764200e+03
 7.6309000e+03,   1.5884200e+03
 7.6329000e+03,   1.5374200e+03
 7.6350000e+03,   1.5374200e+03
 7.6371000e+03,   1.5844200e+03
 7.6391000e+03,   1.5944200e+03
 7.6412000e+03,   1.5554200e+03
 7.6433000e+03,   1.5514200e+03
 7.6454000e+03,   1.5594200e+03
 7.6474000e+03,   1.5404200e+03
 7.6495000e+03,   1.5314200e+03
 7.6516000e+03,   1.5394200e+03
 7.6537000e+03,   1.5634200e+03
 7.6557000e+03,   1.5254200e+03
 7.6578000e+03,   1.5134200e+03
 7.6599000e+03,   1.5514200e+03
 7.6619000e+03,   1.5394200e+03
 7.6640000e+03,   1.5354200e+03
 7.6661000e+03,   1.5044200e+03
 7.6681000e+03,   1.4934200e+03
 7.6702000e+03,   1.4864200e+03
 7.6723000e+03,   1.5124200e+03
 7.6744000e+03,   1.5034200e+03
 7.6764000e+03,   1.5154200e+03
 7.6785000e+03,   1.5134200e+03
 7.6806000e+03,   1.4704200e+03
 7.6826000e+03,   1.4824200e+03
 7.6847000e+03,   1.4864200e+03
 7.6868000e+03,   1.4714200e+03
 7.6888000e+03,   1.4654200e+03
 7.6909000e+03,   1.4534200e+03
 7.6930000e+03,   1.4314200e+03
 7.6950000e+03,   1.4654200e+03
 7.6971000e+03,   1.4744200e+03
 7.6992000e+03,   1.4344200e+03
 7.7012000e+03,   1.4214200e+03
 7.7033000e+03,   1.4404200e+03
 7.7054000e+03,   1.4074200e+03
 7.7074000e+03,   1.4194200e+03
 7.7095000e+03,   1.4384200e+03
 7.7116000e+03,   1.4134200e+03
 7.7136000e+03,   1.4044200e+03
 7.7157000e+03,   1.4274200e+03
 7.7178000e+03,   1.4074200e+03
 7.7198000e+03,   1.4374200e+03
 7.7219000e+03,   1.4204200e+03
 7.7240000e+03,   1.4204200e+03
 7.7260000e+03,   1.3904200e+03
 7.7281000e+03,   1.3694200e+03
 7.7302000e+03,   1.4184200e+03
 7.7322000e+03,   1.3964200e+03
 7.7343000e+03,   1.3994200e+03
 7.7364000e+03,   1.4264200e+03
 7.7384000e+03,   1.3744200e+03
 7.7405000e+03,   1.4054200e+03
 7.7426000e+03,   1.3654200e+03
 7.7446000e+03,   1.3654200e+03
 7.7467000e+03,   1.3854200e+03
 7.7488000e+03,   1.3544200e+03
 7.7508000e+03,   1.3524200e+03
 7.7529000e+03,   1.3714200e+03
 7.7549000e+03,   1.3524200e+03
 7.7570000e+03,   1.3334200e+03
 7.7591000e+03,   1.3714200e+03
 7.7611000e+03,   1.3384200e+03
 7.7632000e+03,   1.3354200e+03
 7.7653000e+03,   1.2794200e+03
 7.7673000e+03,   1.3144200e+03
 7.7694000e+03,   1.2934200e+03
 7.7714000e+03,   1.3284200e+03
 7.7735000e+03,   1.2944200e+03
 7.7756000e+03,   1.3294200e+03
 7.7776000e+03,   1.2744200e+03
 7.7797000e+03,   1.2804200e+03
 7.7817000e+03,   1.3334200e+03
 7.7838000e+03,   1.3174200e+03
 7.7859000e+03,   1.3034200e+03
 7.7879000e+03,   1.3214200e+03
 7.7900000e+03,   1.2994200e+03
 7.7920000e+03,   1.3084200e+03
 7.7941000e+03,   1.2774200e+03
 7.7962000e+03,   1.2904200e+03
 7.7982000e+03,   1.3094200e+03
 7.8003000e+03,   1.2874200e+03
 7.8023000e+03,   1.2914200e+03
 7.8044000e+03,   1.2794200e+03
 7.8065000e+03,   1.2444200e+03
 7.8085000e+03,   1.2824200e+03
 7.8106000e+03,   1.3124200e+03
 7.8126000e+03,   1.2554200e+03
 7.8147000e+03,   1.2874200e+03
 7.8167000e+03,   1.2434200e+03
 7.8188000e+03,   1.2444200e+03
 7.8209000e+03,   1.2464200e+03
 7.8229000e+03,   1.1934200e+03
 7.8250000e+03,   1.2224200e+03
 7.8270000e+03,   1.2444200e+03
 7.8291000e+03,   1.2314200e+03
 7.8311000e+03,   1.2414200e+03
 7.8332000e+03,   1.2334200e+03
 7.8353000e+03,   1.2264200e+03
 7.8373000e+03,   1.2054200e+03
 7.8394000e+03,   1.1744200e+03
 7.8414000e+03,   1.2184200e+03
 7.8435000e+03,   1.2234200e+03
 7.8455000e+03,   1.1964200e+03
 7.8476000e+03,   1.1894200e+03
 7.8496000e+03,   1.2104200e+03
 7.8517000e+03,   1.1694200e+03
 7.8537000e+03,   1.2024200e+03
 7.8558000e+03,   1.2034200e+03
 7.8579000e+03,   1.1944200e+03
 7.8599000e+03,   1.1544200e+03
 7.8620000e+03,   1.1844200e+03
 7.8640000e+03,   1.1634200e+03
 7.8661000e+03,   1.1774200e+03
 7.8681000e+03,   1.1564200e+03
 7.8702000e+03,   1.1534200e+03
 7.8722000e+03,   1.1414200e+03
 7.8743000e+03,   1.1684200e+03
 7.8763000e+03,   1.1594200e+03
 7.8784000e+03,   1.1444200e+03
 7.8804000e+03,   1.1524200e+03
 7.8825000e+03,   1.1844200e+03
 7.8845000e+03,   1.1394200e+03
 7.8866000e+03,   1.1634200e+03
 7.8886000e+03,   1.1444200e+03
 7.8907000e+03,   1.1024200e+03
 7.8927000e+03,   1.1374200e+03
 7.8948000e+03,   1.1124200e+03
 7.8968000e+03,   1.1074200e+03
 7.8989000e+03,   1.1304200e+03
 7.9009000e+03,   1.1064200e+03
 7.9030000e+03,   1.0894200e+03
 7.9050000e+03,   1.1304200e+03
 7.9071000e+03,   1.1204200e+03
 7.9091000e+03,   1.1064200e+03
 7.9112000e+03,   1.0754200e+03
 7.9132000e+03,   1.0934200e+03
 7.9153000e+03,   1.1404200e+03
 7.9173000e+03,   1.0844200e+03
 7.9194000e+03,   1.1074200e+03
 7.9214000e+03,   1.0954200e+03
 7.9235000e+03,   1.1004200e+03
 7.9255000e+03,   1.1214200e+03
 7.9276000e+03,   1.0654200e+03
 7.9296000e+03,   1.1004200e+03
 7.9317000e+03,   1.1104200e+03
 7.9337000e+03,   1.0644200e+03
 7.9358000e+03,   1.0634200e+03
 7.9378000e+03,   1.0574200e+03
 7.9399000e+03,   1.0964200e+03
 7.9419000e+03,   1.0774200e+03
 7.9440000e+03,   1.0904200e+03
 7.9460000e+03,   1.0464200e+03
 7.9481000e+03,   1.0524200e+03
 7.9501000e+03,   1.0764200e+03
 7.9521000e+03,   1.0674200e+03
 7.9542000e+03,   1.0614200e+03
 7.9562000e+03,   1.0394200e+03
 7.9583000e+03,   1.0444200e+03
 7.9603000e+03,   1.0284200e+03
 7.9624000e+03,   1.0194200e+03
 7.9644000e+03,   1.0424200e+03
 7.9665000e+03,   1.0124200e+03
 7.9685000e+03,   1.0484200e+03
 7.9705000e+03,   1.0454200e+03
 7.9726000e+03,   1.0394200e+03
 7.9746000e+03,   1.0224200e+03
 7.9767000e+03,   1.0334200e+03
 7.9787000e+03,   1.0274200e+03
 7.9808000e+03,   1.0134200e+03
 7.9828000e+03,   1.0244200e+03
 7.9849000e+03,   1.0254200e+03
 7.9869000e+03,   1.0134200e+03
 7.9889000e+03,   1.0344200e+03
 7.9910000e+03,   1.0254200e+03
 7.9930000e+03,   9.6942000e+02
 7.9951000e+03,   9.9142000e+02
 7.9971000e+03,   1.0014200e+03
 7.9991000e+03,   1.0024200e+03
 8.0012000e+03,   9.7642000e+02
 8.0032000e+03,   1.0174200e+03
 8.0053000e+03,   9.9742000e+02
 8.0073000e+03,   9.8042000e+02
 8.0094000e+03,   9.9142000e+02
 8.0114000e+03,   1.0044200e+03
 8.0134000e+03,   9.9442000e+02
 8.0155000e+03,   9.9542000e+02
 8.0175000e+03,   9.5442000e+02
 8.0196000e+03,   9.1942000e+02
 8.0216000e+03,   9.7342000e+02
 8.0236000e+03,   1.0054200e+03
 8.0257000e+03,   9.8242000e+02
 8.0277000e+03,   1.0134200e+03
 8.0297000e+03,   9.9442000e+02
 8.0318000e+03,   9.7742000e+02
 8.0338000e+03,   9.6342000e+02
 8.0359000e+03,   9.7242000e+02
 8.0379000e+03,   9.4842000e+02
 8.0399000e+03,   9.2142000e+02
 8.0420000e+03,   9.7042000e+02
 8.0440000e+03,   9.1542000e+02
 8.0461000e+03,   9.4542000e+02
 8.0481000e+03,   9.5842000e+02
 8.0501000e+03,   9.7642000e+02
 8.0522000e+03,   9.4542000e+02
 8.0542000e+03,   9.4642000e+02
 8.0562000e+03,   9.4542000e+02
 8.0583000e+03,   9.5042000e+02
 8.0603000e+03,   9.3642000e+02
 8.0623000e+03,   9.4142000e+02
 8.0644000e+03,   9.5342000e+02
 8.0664000e+03,   9.7642000e+02
 8.0685000e+03,   9.2042000e+02
 8.0705000e+03,   9.3242000e+02
 8.0725000e+03,   9.3042000e+02
 8.0746000e+03,   9.2342000e+02
 8.0766000e+03,   9.4642000e+02
 8.0786000e+03,   9.2342000e+02
 8.0807000e+03,   9.4742000e+02
 8.0827000e+03,   9.2242000e+02
 8.0847000e+03,   9.1942000e+02
 8.0868000e+03,   9.5142000e+02
 8.0888000e+03,   9.5042000e+02
 8.0908000e+03,   9.2842000e+02
 8.0929000e+03,   9.2042000e+02
 8.0949000e+03,   9.0442000e+02
 8.0969000e+03,   9.0442000e+02
 8.0990000e+03,   8.9642000e+02
 8.1010000e+03,   8.9642000e+02
 8.1030000e+03,   9.1442000e+02
 8.1051000e+03,   9.0442000e+02
 8.1071000e+03,   9.0242000e+02
 8.1091000e+03,   9.0642000e+02
 8.1112000e+03,   9.1442000e+02
 8.1132000e+03,   9.0242000e+02
 8.1152000e+03,   8.9042000e+02
 8.1172000e+03,   9.1542000e+02
 8.1193000e+03,   9.1442000e+02
 8.1213000e+03,   8.9942000e+02
 8.1233000e+03,   8.4442000e+02
 8.1254000e+03,   8.8442000e+02
 8.1274000e+03,   8.5742000e+02
 8.1294000e+03,   8.8842000e+02
 8.1315000e+03,   8.7642000e+02
 8.1335000e+03,   8.5842000e+02
 8.1355000e+03,   8.8042000e+02
 8.1375000e+03,   8.9642000e+02
 8.1396000e+03,   8.5042000e+02
 8.1416000e+03,   8.8442000e+02
 8.1436000e+03,   8.5142000e+02
 8.1457000e+03,   8.5542000e+02
 8.1477000e+03,   8.8542000e+02
 8.1497000e+03,   8.7642000e+02
 8.1517000e+03,   8.5942000e+02
 8.1538000e+03,   8.3042000e+02
 8.1558000e+03,   8.5742000e+02
 8.1578000e+03,   8.5742000e+02
 8.1599000e+03,   8.7342000e+02
 8.1619000e+03,   8.5042000e+02
 8.1639000e+03,   8.6542000e+02
 8.1659000e+03,   8.5542000e+02
 8.1680000e+03,   8.4942000e+02
 8.1700000e+03,   8.6842000e+02
 8.1720000e+03,   8.6242000e+02
 8.1740000e+03,   8.3442000e+02
 8.1761000e+03,   8.3642000e+02
 8.1781000e+03,   8.7442000e+02
 8.1801000e+03,   8.3242000e+02
 8.1821000e+03,   8.3342000e+02
 8.1842000e+03,   8.2542000e+02
 8.1862000e+03,   8.4142000e+02
 8.1882000e+03,   8.4442000e+02
 8.1902000e+03,   8.1642000e+02
 8.1923000e+03,   8.2742000e+02
 8.1943000e+03,   7.9242000e+02
 8.1963000e+03,   8.2842000e+02
 8.1983000e+03,   8.3642000e+02
 8.2004000e+03,   8.2142000e+02
 8.2024000e+03,   8.4142000e+02
 8.2044000e+03,   8.0642000e+02
 8.2064000e+03,   8.1842000e+02
 8.2085000e+03,   8.0842000e+02
 8.2105000e+03,   8.3342000e+02
 8.2125000e+03,   8.1742000e+02
 8.2145000e+03,   8.6442000e+02
 8.2165000e+03,   7.8942000e+02
 8.2186000e+03,   8.1342000e+02
 8.2206000e+03,   8.1442000e+02
 8.2226000e+03,   8.2442000e+02
 8.2246000e+03,   8.0142000e+02
 8.2267000e+03,   7.8342000e+02
 8.2287000e+03,   7.9142000e+02
 8.2307000e+03,   8.1142000e+02
 8.2327000e+03,   8.0642000e+02
 8.2347000e+03,   7.7842000e+02
 8.2368000e+03,   7.8942000e+02
 8.2388000e+03,   7.6342000e+02
 8.2408000e+03,   8.0142000e+02
 8.2428000e+03,   7.7542000e+02
 8.2448000e+03,   7.7442000e+02
 8.2469000e+03,   7.9742000e+02
 8.2489000e+03,   7.6642000e+02
 8.2509000e+03,   7.7642000e+02
 8.2529000e+03,   7.6842000e+02
 8.2549000e+03,   7.3642000e+02
 8.2570000e+03,   7.3542000e+02
 8.2590000e+03,   7.5342000e+02
 8.2610000e+03,   7.1242000e+02
 8.2630000e+03,   7.4842000e+02
 8.2650000e+03,   7.1342000e+02
 8.2670000e+03,   7.0342000e+02
 8.2691000e+03,   7.1642000e+02
 8.2711000e+03,   6.9542000e+02
 8.2731000e+03,   7.1242000e+02
 8.2751000e+03,   6.9642000e+02
 8.2771000e+03,   6.7542000e+02
 8.2791000e+03,   6.9342000e+02
 8.2812000e+03,   7.1242000e+02
 8.2832000e+03,   6.8042000e+02
 8.2852000e+03,   6.7242000e+02
 8.2872000e+03,   6.2942000e+02
 8.2892000e+03,   6.6442000e+02
 8.2912000e+03,   6.7742000e+02
 8.2933000e+03,   6.4742000e+02
 8.2953000e+03,   6.7242000e+02
 8.2973000e+03,   6.5442000e+02
 8.2993000e+03,   6.3042000e+02
 8.3013000e+03,   6.1242000e+02
 8.3033000e+03,   6.3042000e+02
 8.3053000e+03,   6.3842000e+02
 8.3074000e+03,   6.1042000e+02
 8.3094000e+03,   5.7542000e+02
 8.3114000e+03,   5.7242000e+02
 8.3134000e+03,   5.7442000e+02
 8.3154000e+03,   5.6542000e+02
 8.3174000e+03,   5.6842000e+02
 8.3194000e+03,   5.5242000e+02
 8.3214000e+03,   5.5842000e+02
 8.3235000e+03,   5.5242000e+02
 8.3255000e+03,   5.3242000e+02
 8.3275000e+03,   5.2242000e+02
 8.3295000e+03,   5.3142000e+02
 8.3315000e+03,   5.2442000e+02
 8.3335000e+03,   5.3442000e+02
 8.3355000e+03,   4.9942000e+02
 8.3375000e+03,   4.8942000e+02
 8.3396000e+03,   4.7642000e+02
 8.3416000e+03,   4.5742000e+02
 8.3436000e+03,   4.7342000e+02
 8.3456000e+03,   4.7742000e+02
 8.3476000e+03,   4.5942000e+02
 8.3496000e+03,   4.5742000e+02
 8.3516000e+03,   4.2842000e+02
 8.3536000e+03,   4.1542000e+02
 8.3556000e+03,   3.9842000e+02
 8.3576000e+03,   3.9542000e+02
 8.3597000e+03,   3.7942000e+02
 8.3617000e+03,   4.1142000e+02
 8.3637000e+03,   3.9442000e+02
 8.3657000e+03,   3.7342000e+02
 8.3677000e+03,   3.7042000e+02
 8.3697000e+03,   3.7342000e+02
 8.3717000e+03,   3.7142000e+02
 8.3737000e+03,   3.4942000e+02
 8.3757000e+03,   3.2942000e+02
 8.3777000e+03,   3.4842000e+02
 8.3797000e+03,   3.3742000e+02
 8.3817000e+03,   3.1142000e+02
 8.3837000e+03,   3.0642000e+02
 8.3858000e+03,   3.2242000e+02
 8.3878000e+03,   3.1042000e+02
 8.3898000e+03,   3.0442000e+02
 8.3918000e+03,   2.6642000e+02
 8.3938000e+03,   2.9542000e+02
